0 0.56484375 0.209375 0.05234375 0.0890625
0 0.33125 0.55859375 0.1140625 0.196875
1 0.93828125 0.53046875 0.07265625 0.1484375
1 0.36328125 0.38515625 0.08828125 0.16875
1 0.69921875 0.44296875 0.0859375 0.09140625
1 0.65078125 0.20703125 0.06015625 0.09453125
1 0.79609375 0.23203125 0.05078125 0.075
1 0.73203125 0.23671875 0.06484375 0.090625
0 0.4515625 0.15390625 0.0515625 0.1140625
1 0.18515625 0.59453125 0.09609375 0.11953125
1 0.6171875 0.41796875 0.0765625 0.13984375
1 0.8390625 0.30859375 0.05390625 0.084375
1 0.246875 0.37109375 0.07265625 0.18359375
1 0.09453125 0.50390625 0.0609375 0.21796875
1 0.77578125 0.30078125 0.0546875 0.08671875
1 0.31796875 0.153125 0.04609375 0.1015625
1 0.48125 0.37109375 0.06875 0.12421875
1 0.8828125 0.3984375 0.06171875 0.121875
0 0.5734375 0.14453125 0.0515625 0.08828125
0 0.39375 0.16953125 0.04140625 0.08828125
0 0.63671875 0.14140625 0.0359375 0.08125
1 0.48828125 0.54296875 0.09453125 0.20625
1 0.37890625 0.26640625 0.07109375 0.1203125
1 0.81640625 0.384375 0.08046875 0.146875
