1 0.33359375 0.584375 0.13046875 0.1203125
0 0.20390625 0.5484375 0.06953125 0.16640625
1 0.6515625 0.20625 0.05703125 0.09375
0 0.63203125 0.14453125 0.0484375 0.08984375
0 0.4796875 0.3765625 0.08984375 0.14375
0 0.4890625 0.534375 0.09609375 0.2
1 0.70546875 0.4484375 0.07421875 0.09296875
1 0.84453125 0.31171875 0.04921875 0.08125
1 0.9390625 0.53046875 0.07578125 0.15390625
1 0.240625 0.39296875 0.07265625 0.1765625
0 0.5703125 0.20078125 0.04921875 0.08125
1 0.3890625 0.18125 0.03828125 0.0953125
1 0.88359375 0.38828125 0.05859375 0.09375
0 0.56796875 0.14296875 0.05390625 0.0859375
1 0.759375 0.27265625 0.046875 0.0953125
1 0.3625 0.38515625 0.08828125 0.18125
1 0.09453125 0.50625 0.0609375 0.2234375
1 0.62265625 0.41796875 0.08828125 0.1234375
0 0.3203125 0.14375 0.04921875 0.10703125
1 0.45078125 0.15078125 0.0546875 0.11875
1 0.81015625 0.24296875 0.04375 0.0734375
0 0.71796875 0.22109375 0.03984375 0.121875
1 0.81015625 0.4359375 0.06171875 0.234375
1 0.37578125 0.2515625 0.06953125 0.14453125
