0 0.20390625 0.54453125 0.06953125 0.15859375
0 0.57109375 0.19453125 0.05234375 0.08984375
1 0.45 0.15625 0.05703125 0.103125
0 0.4890625 0.53359375 0.096875 0.20078125
1 0.7046875 0.44765625 0.07421875 0.09375
1 0.9390625 0.52890625 0.07421875 0.1546875
0 0.63125 0.14453125 0.04765625 0.08828125
1 0.6515625 0.20703125 0.06015625 0.09453125
0 0.478125 0.37265625 0.08828125 0.1359375
0 0.3328125 0.57421875 0.12265625 0.1453125
1 0.8453125 0.3140625 0.05 0.08125
1 0.38515625 0.18359375 0.04453125 0.09921875
0 0.8078125 0.24140625 0.04140625 0.0703125
1 0.56171875 0.13828125 0.04765625 0.08828125
1 0.88203125 0.38671875 0.05703125 0.1015625
1 0.62109375 0.41875 0.08984375 0.1203125
1 0.75859375 0.29375 0.0484375 0.13671875
1 0.09453125 0.50703125 0.059375 0.23125
1 0.2375 0.390625 0.0796875 0.1859375
0 0.37421875 0.26953125 0.06171875 0.10859375
0 0.3203125 0.15703125 0.04921875 0.1390625
1 0.81015625 0.440625 0.06328125 0.2453125
1 0.71875 0.22109375 0.04140625 0.11875
0 0.36640625 0.38984375 0.0984375 0.190625
