0 0.3609375 0.38828125 0.08359375 0.1765625
0 0.9359375 0.5234375 0.0765625 0.16640625
1 0.3359375 0.565625 0.11875 0.1640625
1 0.7 0.44453125 0.08125 0.096875
1 0.315625 0.15546875 0.0484375 0.1015625
0 0.2046875 0.54296875 0.07109375 0.1640625
1 0.2375 0.40625 0.08125 0.1453125
1 0.61328125 0.41640625 0.075 0.09609375
1 0.65078125 0.20625 0.06015625 0.09375
1 0.79921875 0.22890625 0.04375 0.08046875
1 0.81640625 0.38671875 0.07578125 0.13515625
1 0.0890625 0.50546875 0.07578125 0.21328125
0 0.62265625 0.16875 0.040625 0.1109375
0 0.5796875 0.190625 0.05078125 0.103125
1 0.48125 0.35078125 0.07890625 0.1515625
1 0.56640625 0.14375 0.04375 0.08125
0 0.37578125 0.26328125 0.0640625 0.11953125
0 0.4921875 0.540625 0.08515625 0.19921875
1 0.8828125 0.3984375 0.05703125 0.11640625
0 0.39375 0.16640625 0.04453125 0.090625
0 0.45234375 0.15390625 0.05078125 0.11953125
0 0.71796875 0.23671875 0.03828125 0.14453125
1 0.77734375 0.29375 0.07578125 0.15
1 0.8390625 0.29921875 0.0609375 0.08828125
