0 0.56640625 0.19921875 0.04609375 0.084375
1 0.65078125 0.20546875 0.05859375 0.0984375
1 0.6984375 0.44375 0.0859375 0.09296875
0 0.79453125 0.22421875 0.05078125 0.08828125
0 0.8125 0.38203125 0.06640625 0.15390625
1 0.3875 0.18125 0.04765625 0.0859375
1 0.18828125 0.584375 0.09765625 0.1796875
1 0.83828125 0.30625 0.05703125 0.08828125
1 0.36328125 0.38125 0.0890625 0.17109375
1 0.25 0.365625 0.07421875 0.16796875
1 0.45390625 0.16171875 0.04921875 0.12578125
1 0.5734375 0.13984375 0.0453125 0.0890625
1 0.94296875 0.54453125 0.08203125 0.13046875
1 0.48984375 0.54453125 0.0953125 0.19921875
1 0.33046875 0.56015625 0.11640625 0.19453125
1 0.884375 0.390625 0.059375 0.12890625
1 0.634375 0.14140625 0.0390625 0.08515625
1 0.31953125 0.15390625 0.04921875 0.10625
1 0.6140625 0.41484375 0.07578125 0.1390625
1 0.0859375 0.515625 0.0671875 0.18828125
1 0.47265625 0.3984375 0.075 0.11875
0 0.71875 0.2234375 0.0421875 0.12421875
0 0.78125 0.28984375 0.07578125 0.09921875
1 0.37578125 0.26171875 0.0828125 0.13671875
