0 0.20390625 0.54765625 0.06953125 0.1640625
1 0.33359375 0.58359375 0.13046875 0.11953125
0 0.47890625 0.3765625 0.09140625 0.146875
1 0.6515625 0.20625 0.05859375 0.09140625
0 0.4890625 0.53359375 0.09609375 0.20078125
1 0.70546875 0.44921875 0.07421875 0.09375
1 0.84453125 0.31328125 0.05 0.08203125
1 0.23984375 0.39296875 0.07421875 0.18125
1 0.37421875 0.25703125 0.06328125 0.128125
0 0.8796875 0.38203125 0.05625 0.125
1 0.38828125 0.18125 0.03828125 0.09375
1 0.63125 0.14921875 0.05078125 0.08046875
1 0.75859375 0.27421875 0.04765625 0.10078125
1 0.93671875 0.53046875 0.07265625 0.15546875
0 0.81015625 0.24296875 0.04375 0.0734375
0 0.3203125 0.14453125 0.05078125 0.11953125
0 0.09453125 0.50703125 0.05546875 0.2296875
0 0.4484375 0.15546875 0.05234375 0.1203125
0 0.71875 0.2234375 0.0390625 0.11875
1 0.55859375 0.14140625 0.04453125 0.078125
1 0.81015625 0.43203125 0.06171875 0.22578125
1 0.36328125 0.37734375 0.0984375 0.19765625
1 0.57109375 0.20703125 0.06640625 0.125
1 0.6234375 0.41328125 0.08828125 0.125
