0 0.20625 0.54296875 0.06796875 0.165625
0 0.2421875 0.40390625 0.07421875 0.16796875
1 0.7984375 0.23125 0.04609375 0.06796875
0 0.49140625 0.53359375 0.09296875 0.203125
1 0.6171875 0.41171875 0.071875 0.1109375
1 0.6984375 0.428125 0.07734375 0.13359375
0 0.32265625 0.53203125 0.07890625 0.25390625
1 0.5765625 0.1546875 0.053125 0.09453125
1 0.83828125 0.30703125 0.05703125 0.08515625
1 0.39609375 0.16953125 0.03671875 0.08984375
0 0.4796875 0.36796875 0.06328125 0.13828125
1 0.08984375 0.50859375 0.06484375 0.20625
1 0.94140625 0.52421875 0.07734375 0.153125
1 0.375 0.265625 0.06640625 0.11796875
1 0.71875 0.22109375 0.03828125 0.1203125
0 0.31953125 0.14921875 0.04765625 0.10078125
0 0.88046875 0.39140625 0.04921875 0.1203125
1 0.3609375 0.38359375 0.09296875 0.17890625
1 0.6515625 0.2015625 0.0515625 0.08984375
1 0.4515625 0.15625 0.0515625 0.11796875
1 0.6359375 0.15859375 0.07109375 0.0796875
0 0.56953125 0.215625 0.065625 0.1234375
1 0.76796875 0.278125 0.07734375 0.128125
0 0.8078125 0.37890625 0.08203125 0.1640625
