0 0.20390625 0.54453125 0.07109375 0.16171875
0 0.3265625 0.5359375 0.10546875 0.19140625
1 0.7984375 0.23203125 0.04453125 0.0796875
0 0.49296875 0.53125 0.08046875 0.20625
1 0.7 0.44375 0.08125 0.0984375
0 0.575 0.19140625 0.04375 0.10390625
1 0.65078125 0.20390625 0.0625 0.096875
1 0.359375 0.3609375 0.08984375 0.153125
1 0.2359375 0.39140625 0.0796875 0.159375
0 0.93671875 0.5234375 0.07734375 0.1796875
1 0.61328125 0.41640625 0.075 0.09609375
0 0.84296875 0.303125 0.04765625 0.09296875
1 0.39765625 0.16640625 0.03515625 0.09453125
1 0.88125 0.428125 0.05625 0.171875
1 0.5625 0.14296875 0.04296875 0.08828125
0 0.4515625 0.15390625 0.05078125 0.12109375
0 0.08359375 0.503125 0.0734375 0.22421875
0 0.625 0.14609375 0.04140625 0.078125
1 0.31640625 0.16171875 0.04921875 0.11484375
0 0.80390625 0.36015625 0.0625 0.13671875
0 0.38125 0.24921875 0.07265625 0.1265625
0 0.734375 0.21796875 0.04765625 0.08828125
0 0.47890625 0.359375 0.0859375 0.17578125
1 0.77578125 0.28125 0.06171875 0.125
