0 0.5625 0.2015625 0.04765625 0.09921875
0 0.20390625 0.53828125 0.07109375 0.16171875
0 0.375 0.26171875 0.06328125 0.11640625
1 0.7984375 0.23125 0.04921875 0.075
1 0.45078125 0.153125 0.05234375 0.11640625
1 0.65078125 0.209375 0.0625 0.090625
1 0.48984375 0.53828125 0.09296875 0.20859375
1 0.73359375 0.2359375 0.06640625 0.09140625
1 0.615625 0.41953125 0.07890625 0.14140625
1 0.78125 0.30078125 0.05 0.08671875
1 0.3328125 0.55859375 0.11640625 0.18828125
1 0.84375 0.3109375 0.04921875 0.07890625
1 0.56875 0.14140625 0.05546875 0.09453125
1 0.70390625 0.4390625 0.08125 0.0984375
0 0.63046875 0.14296875 0.0453125 0.08203125
1 0.93671875 0.5359375 0.07578125 0.146875
1 0.38671875 0.18125 0.04609375 0.08828125
1 0.0921875 0.50859375 0.05625 0.22109375
1 0.88203125 0.39296875 0.05703125 0.125
1 0.3609375 0.38359375 0.08203125 0.17109375
1 0.3203125 0.15078125 0.04765625 0.13515625
1 0.2484375 0.37578125 0.07421875 0.1796875
0 0.484375 0.3515625 0.06484375 0.146875
1 0.809375 0.37109375 0.0671875 0.16171875
