0 0.33671875 0.5546875 0.12109375 0.1703125
1 0.79921875 0.23046875 0.04375 0.078125
1 0.69609375 0.43828125 0.090625 0.1046875
1 0.65078125 0.20390625 0.06015625 0.09375
1 0.6140625 0.4140625 0.07265625 0.0984375
0 0.23671875 0.390625 0.06640625 0.1453125
0 0.63125 0.14609375 0.0453125 0.09296875
0 0.3609375 0.38828125 0.0859375 0.16171875
1 0.45078125 0.15625 0.05 0.11171875
1 0.8109375 0.3859375 0.06328125 0.13828125
0 0.496875 0.51875 0.07578125 0.2390625
0 0.375 0.26328125 0.06328125 0.1265625
1 0.57109375 0.14609375 0.05546875 0.090625
1 0.8796875 0.38671875 0.0515625 0.13125
0 0.08125 0.50078125 0.07421875 0.18671875
1 0.315625 0.16015625 0.04765625 0.06875
1 0.94140625 0.5265625 0.08125 0.16171875
0 0.18828125 0.58046875 0.09765625 0.20703125
1 0.57265625 0.2140625 0.06171875 0.078125
1 0.7171875 0.22421875 0.03359375 0.125
1 0.771875 0.2875 0.07734375 0.1375
1 0.8453125 0.29765625 0.09140625 0.10390625
1 0.48515625 0.359375 0.090625 0.16640625
0 0.39609375 0.16640625 0.06328125 0.1265625
