0 0.56640625 0.19921875 0.04609375 0.084375
1 0.65 0.20859375 0.05859375 0.096875
1 0.73203125 0.2359375 0.0671875 0.09140625
1 0.79609375 0.23203125 0.05 0.07421875
1 0.0875 0.51640625 0.06953125 0.19453125
1 0.18515625 0.59609375 0.09453125 0.12421875
1 0.83828125 0.30859375 0.05703125 0.084375
1 0.69765625 0.44296875 0.0859375 0.0953125
1 0.61484375 0.41875 0.075 0.1390625
1 0.88359375 0.39921875 0.0609375 0.11953125
1 0.2484375 0.3734375 0.0734375 0.18359375
1 0.33046875 0.55390625 0.1125 0.21171875
1 0.45234375 0.16171875 0.04921875 0.12421875
1 0.37734375 0.2765625 0.07578125 0.103125
1 0.93828125 0.528125 0.07265625 0.1609375
0 0.31953125 0.153125 0.04921875 0.10390625
1 0.5734375 0.14375 0.05 0.08671875
1 0.48046875 0.36875 0.0671875 0.12578125
1 0.4890625 0.54140625 0.0953125 0.20546875
1 0.36328125 0.38203125 0.08828125 0.17421875
0 0.63671875 0.14140625 0.03359375 0.08359375
1 0.39140625 0.16640625 0.03984375 0.09453125
1 0.77578125 0.3125 0.06796875 0.13671875
1 0.815625 0.38359375 0.071875 0.1546875
