1 0.93828125 0.53359375 0.07265625 0.14140625
0 0.33046875 0.5609375 0.1140625 0.19375
0 0.2046875 0.5390625 0.0703125 0.16875
1 0.70078125 0.44921875 0.0859375 0.09375
1 0.8109375 0.39296875 0.0640625 0.1234375
1 0.7984375 0.23046875 0.04609375 0.06875
0 0.375 0.26875 0.0671875 0.11328125
0 0.23828125 0.40078125 0.075 0.14296875
1 0.65078125 0.20703125 0.06015625 0.09453125
0 0.08125 0.528125 0.07578125 0.171875
1 0.61328125 0.41640625 0.075 0.0984375
0 0.8859375 0.38203125 0.05234375 0.128125
1 0.63671875 0.15390625 0.0484375 0.06015625
1 0.57265625 0.1484375 0.05390625 0.0765625
1 0.48125 0.37421875 0.06796875 0.13046875
0 0.45078125 0.15625 0.0515625 0.11796875
1 0.39375 0.16875 0.0375 0.09296875
1 0.71953125 0.2171875 0.0390625 0.128125
1 0.3625 0.38515625 0.08828125 0.171875
1 0.48984375 0.5484375 0.09609375 0.1890625
0 0.3203125 0.15078125 0.04765625 0.10703125
1 0.77265625 0.27890625 0.0640625 0.10234375
1 0.8375 0.3046875 0.0609375 0.103125
0 0.56875 0.2109375 0.071875 0.0921875
