1 0.23828125 0.4015625 0.08203125 0.15625
1 0.6515625 0.20859375 0.0609375 0.0953125
1 0.79765625 0.22890625 0.04765625 0.0734375
0 0.565625 0.2 0.05078125 0.0953125
1 0.56953125 0.14140625 0.04921875 0.08515625
1 0.49296875 0.534375 0.08984375 0.2
0 0.4546875 0.16015625 0.05234375 0.1015625
1 0.36015625 0.378125 0.08046875 0.18359375
0 0.84140625 0.30078125 0.04921875 0.09296875
1 0.93515625 0.5234375 0.07734375 0.15390625
1 0.09453125 0.48828125 0.05390625 0.1953125
1 0.88203125 0.39296875 0.05546875 0.1140625
1 0.6953125 0.41640625 0.084375 0.140625
0 0.76875 0.2921875 0.05546875 0.0953125
0 0.63046875 0.14453125 0.04609375 0.084375
1 0.1890625 0.5640625 0.09609375 0.2109375
1 0.7328125 0.23359375 0.06328125 0.09921875
1 0.33203125 0.57421875 0.11953125 0.1765625
1 0.48203125 0.37109375 0.07890625 0.1390625
0 0.3203125 0.1515625 0.04765625 0.1234375
0 0.38828125 0.1859375 0.04609375 0.08203125
1 0.38046875 0.26640625 0.09140625 0.11953125
1 0.62421875 0.40625 0.084375 0.18125
0 0.80390625 0.359375 0.0875 0.18125
