0 0.5640625 0.2109375 0.05234375 0.08203125
0 0.203125 0.5359375 0.07109375 0.1734375
0 0.8375 0.303125 0.05703125 0.09453125
0 0.33125 0.55859375 0.11171875 0.19375
1 0.93671875 0.53125 0.07265625 0.14375
1 0.65078125 0.20703125 0.06015625 0.09453125
1 0.48125 0.36640625 0.06328125 0.13671875
1 0.8 0.23359375 0.0453125 0.0765625
1 0.70703125 0.4390625 0.08671875 0.09609375
1 0.61640625 0.4171875 0.07734375 0.1453125
1 0.24765625 0.3734375 0.075 0.178125
1 0.7328125 0.23671875 0.06640625 0.0890625
1 0.884375 0.40390625 0.0609375 0.11015625
1 0.4515625 0.1515625 0.05390625 0.115625
1 0.5734375 0.14453125 0.05078125 0.08984375
1 0.6390625 0.13671875 0.034375 0.08671875
1 0.375 0.278125 0.08203125 0.0984375
1 0.3625 0.3859375 0.08828125 0.16796875
1 0.4890625 0.54609375 0.0953125 0.2
1 0.09453125 0.50703125 0.06640625 0.225
0 0.81328125 0.44453125 0.06328125 0.24375
1 0.39140625 0.16328125 0.040625 0.08828125
1 0.31796875 0.153125 0.04453125 0.1015625
1 0.77265625 0.28671875 0.0765625 0.10859375
