1 0.77265625 0.2890625 0.059375 0.1015625
0 0.19765625 0.5359375 0.0828125 0.18984375
0 0.375 0.265625 0.06640625 0.11953125
1 0.70078125 0.4484375 0.08671875 0.09453125
1 0.65 0.20703125 0.0578125 0.1015625
1 0.61328125 0.41640625 0.07578125 0.09609375
1 0.36171875 0.3859375 0.08984375 0.1734375
1 0.5703125 0.14609375 0.0484375 0.0890625
1 0.7984375 0.22890625 0.04453125 0.06171875
0 0.62890625 0.14296875 0.04609375 0.0953125
0 0.4765625 0.36953125 0.07109375 0.134375
1 0.8828125 0.39296875 0.05390625 0.1140625
1 0.3328125 0.578125 0.12109375 0.17421875
0 0.9390625 0.52578125 0.07578125 0.15703125
0 0.48984375 0.53671875 0.09453125 0.190625
1 0.8140625 0.38359375 0.07265625 0.14375
1 0.0859375 0.515625 0.07109375 0.20625
1 0.45234375 0.15625 0.053125 0.1140625
1 0.31953125 0.14375 0.0484375 0.11484375
0 0.56328125 0.190625 0.05 0.1046875
0 0.8328125 0.2984375 0.04609375 0.09609375
1 0.71796875 0.2234375 0.03671875 0.121875
1 0.240625 0.396875 0.07421875 0.15625
1 0.39140625 0.16796875 0.05 0.096875
