0 0.56328125 0.21015625 0.05234375 0.08359375
0 0.20390625 0.5359375 0.07109375 0.1734375
1 0.9375 0.53203125 0.07421875 0.1453125
1 0.8 0.23359375 0.04453125 0.075
1 0.65 0.20703125 0.06015625 0.09453125
1 0.70703125 0.440625 0.08671875 0.096875
1 0.36328125 0.384375 0.08828125 0.1703125
1 0.24765625 0.37109375 0.0734375 0.18125
1 0.48125 0.37578125 0.06796875 0.121875
1 0.7328125 0.23671875 0.06640625 0.090625
1 0.39140625 0.16328125 0.040625 0.0859375
1 0.83671875 0.31015625 0.0609375 0.08359375
1 0.31796875 0.153125 0.0453125 0.1
1 0.378125 0.26953125 0.07421875 0.11015625
0 0.63828125 0.13515625 0.03671875 0.0890625
1 0.5734375 0.14375 0.05078125 0.090625
0 0.61484375 0.41875 0.07734375 0.15
1 0.8828125 0.41171875 0.06328125 0.12578125
1 0.09453125 0.50859375 0.06640625 0.21953125
1 0.33203125 0.55625 0.11328125 0.203125
1 0.4515625 0.15078125 0.053125 0.11640625
1 0.48828125 0.54453125 0.09609375 0.19921875
1 0.78046875 0.28828125 0.06171875 0.1203125
0 0.81171875 0.3796875 0.08125 0.146875
