0 0.5703125 0.19765625 0.04921875 0.084375
0 0.20546875 0.5515625 0.075 0.18828125
1 0.70234375 0.44765625 0.09296875 0.10625
1 0.5703125 0.1515625 0.05078125 0.065625
0 0.76953125 0.290625 0.05390625 0.10859375
1 0.33125 0.578125 0.11328125 0.11640625
1 0.79921875 0.23359375 0.04765625 0.075
1 0.61328125 0.415625 0.075 0.09921875
0 0.28203125 0.18828125 0.0765625 0.08828125
1 0.49609375 0.50390625 0.08203125 0.2234375
0 0.62265625 0.14921875 0.04140625 0.075
1 0.3890625 0.1859375 0.05390625 0.06796875
1 0.65 0.20546875 0.06171875 0.0984375
1 0.7296875 0.23671875 0.059375 0.09453125
0 0.3765625 0.2609375 0.06328125 0.1234375
1 0.36015625 0.38828125 0.09140625 0.175
1 0.88203125 0.39765625 0.06015625 0.10625
1 0.84375 0.31015625 0.04921875 0.0890625
0 0.09765625 0.54765625 0.05546875 0.2453125
1 0.453125 0.15546875 0.05703125 0.1109375
1 0.9421875 0.55703125 0.08125 0.140625
0 0.79921875 0.4390625 0.0546875 0.29296875
0 0.2328125 0.3984375 0.07890625 0.16640625
1 0.48515625 0.36328125 0.0875 0.1515625
