0 0.2046875 0.54765625 0.07109375 0.1640625
1 0.79921875 0.23203125 0.04921875 0.0796875
1 0.2390625 0.39453125 0.07421875 0.18046875
1 0.70546875 0.44921875 0.07421875 0.09375
1 0.33359375 0.58515625 0.12578125 0.11875
1 0.49296875 0.53203125 0.08828125 0.20390625
1 0.38671875 0.18203125 0.04453125 0.09296875
1 0.65078125 0.20625 0.05859375 0.09140625
1 0.8109375 0.39453125 0.05859375 0.11015625
1 0.62109375 0.415625 0.08984375 0.1265625
0 0.56953125 0.20390625 0.04921875 0.0734375
1 0.56484375 0.15078125 0.053125 0.08671875
1 0.36640625 0.38359375 0.08671875 0.17109375
1 0.9375 0.53359375 0.06953125 0.14375
1 0.8390625 0.30859375 0.05703125 0.084375
0 0.45078125 0.15546875 0.05234375 0.11328125
1 0.88203125 0.39296875 0.06171875 0.09375
1 0.7578125 0.278125 0.0453125 0.10703125
0 0.71796875 0.22265625 0.03828125 0.12109375
0 0.6296875 0.14140625 0.0421875 0.08671875
1 0.09453125 0.50625 0.05859375 0.2234375
0 0.4828125 0.35078125 0.06328125 0.16328125
1 0.3234375 0.15703125 0.04609375 0.1609375
0 0.371875 0.26875 0.0734375 0.11875
