0 0.571875 0.20859375 0.05390625 0.065625
1 0.4875 0.34921875 0.06875 0.15625
1 0.65078125 0.20703125 0.05859375 0.090625
1 0.3328125 0.58515625 0.12578125 0.11875
1 0.70625 0.44921875 0.07578125 0.09375
1 0.45078125 0.15703125 0.05390625 0.10703125
0 0.375 0.2765625 0.0609375 0.10625
1 0.62265625 0.41875 0.08828125 0.121875
1 0.79921875 0.23359375 0.04921875 0.08203125
0 0.08359375 0.5078125 0.07734375 0.20625
1 0.81171875 0.39453125 0.06171875 0.11015625
1 0.83671875 0.303125 0.05546875 0.09453125
1 0.86796875 0.4140625 0.04921875 0.20546875
0 0.56796875 0.14453125 0.0546875 0.08203125
1 0.1890625 0.5890625 0.09609375 0.18125
1 0.6296875 0.14453125 0.0484375 0.07890625
1 0.9375 0.54296875 0.075 0.134375
1 0.49375 0.53046875 0.08828125 0.2109375
1 0.3875 0.18125 0.04140625 0.09375
0 0.71796875 0.22109375 0.03828125 0.121875
1 0.2390625 0.40078125 0.07578125 0.16640625
1 0.32265625 0.15390625 0.0453125 0.1453125
1 0.3671875 0.384375 0.10234375 0.1875
1 0.7609375 0.27890625 0.05078125 0.11171875
