0 0.56640625 0.19921875 0.04609375 0.0859375
0 0.77421875 0.28671875 0.05078125 0.1015625
1 0.3296875 0.56015625 0.115625 0.2
0 0.49140625 0.5359375 0.0921875 0.196875
1 0.65 0.20703125 0.05703125 0.09453125
1 0.79921875 0.23203125 0.04453125 0.06875
0 0.2375 0.378125 0.0734375 0.16484375
1 0.70078125 0.44140625 0.08828125 0.10546875
0 0.0859375 0.51328125 0.06640625 0.18203125
1 0.8828125 0.39453125 0.05625 0.115625
1 0.18828125 0.57421875 0.09609375 0.175
1 0.3625 0.38203125 0.08828125 0.16875
1 0.84140625 0.30625 0.05078125 0.08828125
1 0.57109375 0.13671875 0.04375 0.0890625
1 0.39453125 0.16875 0.03203125 0.09296875
0 0.47421875 0.36640625 0.06484375 0.13125
1 0.4515625 0.165625 0.05078125 0.10859375
1 0.62890625 0.1546875 0.046875 0.06640625
0 0.31953125 0.1484375 0.0484375 0.09609375
1 0.94296875 0.54296875 0.08125 0.1265625
1 0.6140625 0.41640625 0.075 0.1390625
1 0.71875 0.22265625 0.03828125 0.11953125
0 0.37734375 0.25234375 0.103125 0.1421875
1 0.80859375 0.3875 0.09140625 0.17578125
