0 0.20390625 0.5359375 0.07109375 0.17109375
0 0.56484375 0.203125 0.04921875 0.09609375
0 0.375 0.26328125 0.06640625 0.11796875
1 0.79765625 0.228125 0.05078125 0.08125
1 0.48984375 0.540625 0.09296875 0.20625
1 0.65078125 0.20859375 0.06171875 0.09140625
1 0.70390625 0.4390625 0.08203125 0.1
0 0.63046875 0.14296875 0.04765625 0.08203125
1 0.78203125 0.30078125 0.04921875 0.08671875
1 0.56484375 0.140625 0.04921875 0.0953125
1 0.7328125 0.23671875 0.0671875 0.09296875
1 0.84453125 0.31171875 0.04921875 0.07578125
1 0.9375 0.53515625 0.07578125 0.14453125
1 0.3875 0.1890625 0.04453125 0.08125
1 0.453125 0.16171875 0.0546875 0.1109375
1 0.09296875 0.4984375 0.0578125 0.2390625
1 0.88203125 0.39296875 0.0578125 0.125
1 0.3328125 0.55859375 0.1171875 0.1859375
1 0.31953125 0.14453125 0.05 0.11953125
1 0.61171875 0.40390625 0.06640625 0.13203125
1 0.4765625 0.36953125 0.08359375 0.1453125
1 0.2484375 0.378125 0.07578125 0.18125
1 0.359375 0.38125 0.09921875 0.2
1 0.8125 0.378125 0.06953125 0.153125
