0 0.20546875 0.553125 0.07578125 0.18359375
0 0.47109375 0.35703125 0.08515625 0.13515625
1 0.70234375 0.44453125 0.08984375 0.10625
0 0.84453125 0.303125 0.05078125 0.09609375
0 0.771875 0.290625 0.05546875 0.10859375
0 0.49453125 0.50703125 0.08515625 0.23125
0 0.2328125 0.39609375 0.07890625 0.1515625
1 0.65078125 0.20390625 0.06171875 0.096875
1 0.6140625 0.415625 0.07578125 0.1140625
1 0.79765625 0.22578125 0.04609375 0.0796875
1 0.5703125 0.1546875 0.0515625 0.0703125
0 0.07109375 0.53671875 0.084375 0.159375
1 0.45234375 0.15546875 0.05703125 0.109375
0 0.37578125 0.25546875 0.06171875 0.13125
1 0.3296875 0.57421875 0.11171875 0.11953125
1 0.39296875 0.1859375 0.04609375 0.0640625
1 0.7296875 0.2359375 0.05859375 0.09140625
1 0.8828125 0.39765625 0.06015625 0.10625
1 0.80625 0.440625 0.06015625 0.2859375
0 0.57421875 0.2015625 0.05703125 0.10625
1 0.9421875 0.55703125 0.08203125 0.140625
0 0.3203125 0.1609375 0.0515625 0.16171875
1 0.36015625 0.390625 0.09140625 0.1734375
1 0.634375 0.12265625 0.06875 0.13671875
