0 0.565625 0.19921875 0.0453125 0.0859375
1 0.33046875 0.55625 0.1140625 0.18203125
1 0.69765625 0.44375 0.08515625 0.09296875
1 0.6484375 0.20546875 0.05546875 0.0984375
1 0.37421875 0.26015625 0.06484375 0.1296875
1 0.46953125 0.3984375 0.07109375 0.1390625
1 0.0859375 0.51796875 0.065625 0.19140625
1 0.884375 0.39453125 0.0578125 0.12109375
1 0.1921875 0.58671875 0.08984375 0.178125
1 0.84453125 0.30546875 0.04453125 0.0890625
1 0.25 0.36640625 0.0765625 0.17578125
1 0.94296875 0.54453125 0.08203125 0.12890625
1 0.490625 0.540625 0.09296875 0.20625
1 0.61640625 0.41640625 0.075 0.13359375
0 0.775 0.29453125 0.05 0.0953125
1 0.71796875 0.22890625 0.03828125 0.1359375
1 0.57421875 0.14140625 0.04609375 0.0890625
1 0.4546875 0.15625 0.04921875 0.11796875
1 0.63125 0.14375 0.04375 0.0890625
0 0.79453125 0.22421875 0.05 0.08046875
1 0.36328125 0.38515625 0.08984375 0.171875
1 0.39921875 0.1609375 0.04609375 0.1125
0 0.31796875 0.1625 0.0625 0.15234375
0 0.815625 0.3703125 0.071875 0.17890625
