0 0.57109375 0.19765625 0.05234375 0.0859375
0 0.20390625 0.54375 0.06875 0.159375
0 0.23984375 0.39140625 0.0734375 0.18359375
1 0.6515625 0.20625 0.06015625 0.09375
1 0.3328125 0.57421875 0.12734375 0.14921875
0 0.4890625 0.53359375 0.09609375 0.20078125
0 0.47890625 0.37421875 0.08984375 0.13828125
1 0.7046875 0.44765625 0.0734375 0.09375
1 0.621875 0.41796875 0.08984375 0.1234375
1 0.9390625 0.52890625 0.07578125 0.153125
1 0.8453125 0.315625 0.05078125 0.08203125
0 0.45234375 0.15625 0.05625 0.1140625
1 0.3890625 0.18125 0.03984375 0.0953125
1 0.88203125 0.38671875 0.0578125 0.10390625
1 0.5625 0.14140625 0.04765625 0.0890625
1 0.759375 0.28359375 0.04765625 0.115625
0 0.81171875 0.24140625 0.04453125 0.071875
0 0.375 0.25703125 0.06328125 0.13515625
1 0.63125 0.14609375 0.04765625 0.0890625
1 0.09453125 0.50546875 0.06171875 0.221875
0 0.3203125 0.14375 0.04921875 0.109375
0 0.36328125 0.38203125 0.08828125 0.178125
1 0.8078125 0.4359375 0.06640625 0.2359375
0 0.71953125 0.22109375 0.03984375 0.11640625
