0 0.20546875 0.53984375 0.07265625 0.159375
0 0.56328125 0.21015625 0.05078125 0.08125
1 0.33203125 0.55703125 0.11640625 0.1890625
1 0.8 0.23203125 0.04375 0.07578125
1 0.64921875 0.20703125 0.0578125 0.09296875
0 0.884375 0.38515625 0.06015625 0.1390625
1 0.83984375 0.31328125 0.05546875 0.0765625
1 0.73125 0.23828125 0.0625 0.0859375
1 0.3765625 0.25703125 0.06328125 0.13359375
0 0.45078125 0.15390625 0.05234375 0.1140625
0 0.571875 0.14296875 0.046875 0.08828125
0 0.63125 0.14453125 0.0453125 0.0953125
1 0.31796875 0.153125 0.04609375 0.1
1 0.70390625 0.4390625 0.08046875 0.1015625
1 0.61484375 0.41640625 0.078125 0.14609375
1 0.09765625 0.50625 0.06171875 0.22890625
1 0.484375 0.3484375 0.0640625 0.15390625
1 0.2484375 0.3734375 0.0734375 0.18359375
1 0.4890625 0.54609375 0.09609375 0.19609375
0 0.9359375 0.53671875 0.07578125 0.1390625
1 0.3625 0.38203125 0.08203125 0.171875
1 0.77734375 0.29296875 0.06015625 0.1203125
1 0.80703125 0.38125 0.075 0.15390625
1 0.39140625 0.1640625 0.05390625 0.11796875
