0 0.2046875 0.540625 0.06953125 0.1640625
0 0.45390625 0.165625 0.05390625 0.0953125
1 0.6140625 0.41171875 0.07265625 0.10546875
0 0.490625 0.53671875 0.0921875 0.19609375
1 0.6515625 0.20390625 0.05625 0.08828125
1 0.7984375 0.23125 0.04609375 0.0734375
1 0.73203125 0.23203125 0.0640625 0.09609375
0 0.31953125 0.146875 0.04921875 0.09375
1 0.48125 0.36953125 0.08125 0.1703125
1 0.7015625 0.41953125 0.08828125 0.11015625
1 0.840625 0.31171875 0.0546875 0.07421875
0 0.6265625 0.1484375 0.04609375 0.0984375
0 0.09609375 0.50390625 0.06875 0.2265625
1 0.575 0.13671875 0.05234375 0.08671875
1 0.88125 0.39765625 0.05703125 0.1140625
1 0.815625 0.43671875 0.071875 0.2484375
1 0.37421875 0.26171875 0.06875 0.11640625
0 0.328125 0.5859375 0.11171875 0.196875
0 0.9328125 0.521875 0.07109375 0.165625
1 0.3640625 0.37890625 0.11171875 0.1828125
1 0.38984375 0.1796875 0.0609375 0.12109375
0 0.57578125 0.19453125 0.0625 0.11875
1 0.76875 0.2890625 0.06640625 0.11875
1 0.2453125 0.37109375 0.07265625 0.18125
