0 0.56640625 0.19921875 0.046875 0.0859375
0 0.77890625 0.296875 0.05546875 0.09375
1 0.6984375 0.44453125 0.08671875 0.09140625
1 0.7984375 0.23203125 0.04609375 0.075
1 0.94296875 0.54375 0.08125 0.12421875
1 0.4890625 0.53671875 0.09609375 0.20703125
1 0.65 0.20859375 0.05859375 0.103125
1 0.33125 0.55859375 0.1125 0.2046875
1 0.24375 0.3640625 0.07578125 0.18359375
1 0.83984375 0.30625 0.053125 0.08828125
1 0.3625 0.38125 0.08828125 0.1734375
0 0.0875 0.51640625 0.07109375 0.1890625
1 0.39296875 0.16796875 0.03671875 0.09375
1 0.88359375 0.39609375 0.06328125 0.12421875
1 0.6171875 0.41640625 0.07578125 0.13515625
1 0.45234375 0.1609375 0.04921875 0.12109375
1 0.16953125 0.57734375 0.13828125 0.1953125
0 0.63359375 0.14296875 0.0375 0.0859375
0 0.31953125 0.14921875 0.04765625 0.09921875
1 0.56875 0.13671875 0.04296875 0.09296875
1 0.37578125 0.26171875 0.06484375 0.128125
0 0.71953125 0.2265625 0.04296875 0.1234375
1 0.47109375 0.3671875 0.07734375 0.18203125
1 0.81640625 0.384375 0.0671875 0.15078125
