0 0.2046875 0.54921875 0.07109375 0.17109375
0 0.375 0.25703125 0.06484375 0.13125
0 0.49296875 0.52890625 0.08828125 0.21015625
1 0.6515625 0.20625 0.06015625 0.09375
1 0.70546875 0.44765625 0.0734375 0.09375
1 0.79921875 0.23046875 0.05 0.078125
1 0.6203125 0.41328125 0.0828125 0.134375
1 0.334375 0.58515625 0.12578125 0.1203125
1 0.38828125 0.178125 0.0421875 0.08359375
0 0.5703125 0.2078125 0.0484375 0.06640625
0 0.88125 0.3859375 0.0609375 0.115625
1 0.9390625 0.52890625 0.07890625 0.1640625
1 0.48046875 0.37890625 0.0921875 0.16015625
1 0.7578125 0.29140625 0.04765625 0.13515625
1 0.240625 0.39453125 0.07734375 0.17890625
1 0.31875 0.15625 0.05 0.14140625
0 0.453125 0.16640625 0.05546875 0.13125
1 0.08203125 0.54921875 0.08984375 0.30625
1 0.62890625 0.1609375 0.05078125 0.0734375
0 0.71875 0.22421875 0.0390625 0.125
1 0.565625 0.146875 0.05 0.0953125
1 0.36328125 0.384375 0.1015625 0.19296875
1 0.8375 0.3125 0.065625 0.11484375
1 0.8109375 0.38359375 0.06953125 0.1453125
