0 0.20390625 0.53515625 0.07109375 0.16875
0 0.56640625 0.20078125 0.046875 0.10390625
1 0.70390625 0.4390625 0.08125 0.09609375
1 0.65078125 0.20703125 0.06171875 0.09453125
1 0.4890625 0.54140625 0.0953125 0.20546875
0 0.63203125 0.14140625 0.0484375 0.08515625
0 0.375 0.2625 0.0671875 0.11875
1 0.9375 0.5359375 0.07578125 0.1453125
1 0.84453125 0.3125 0.0484375 0.075
1 0.73203125 0.23671875 0.0640625 0.090625
0 0.38671875 0.196875 0.04296875 0.0640625
1 0.6125 0.41328125 0.06953125 0.10859375
1 0.78125 0.3015625 0.05 0.08828125
1 0.88203125 0.39296875 0.05859375 0.1265625
1 0.2484375 0.378125 0.075 0.17578125
1 0.44921875 0.15703125 0.05390625 0.121875
1 0.47890625 0.378125 0.0796875 0.15703125
0 0.5625 0.146875 0.05234375 0.0859375
1 0.33125 0.55859375 0.11875 0.1859375
1 0.3203125 0.14765625 0.05078125 0.11796875
1 0.0875 0.50078125 0.06953125 0.228125
1 0.81171875 0.38359375 0.0640625 0.14375
1 0.3578125 0.37109375 0.10390625 0.1578125
1 0.79375 0.22109375 0.06953125 0.115625
