1 0.6203125 0.41171875 0.08984375 0.12421875
0 0.2046875 0.54765625 0.07109375 0.1640625
1 0.70625 0.44921875 0.07421875 0.09375
1 0.3328125 0.58515625 0.12734375 0.11875
1 0.79921875 0.23203125 0.05 0.0796875
1 0.2390625 0.390625 0.07265625 0.18203125
1 0.8109375 0.39609375 0.06015625 0.109375
1 0.49375 0.53125 0.08828125 0.2046875
1 0.6515625 0.20703125 0.06015625 0.090625
0 0.56953125 0.20390625 0.04921875 0.0734375
1 0.56484375 0.15078125 0.05234375 0.08671875
1 0.8390625 0.30859375 0.06015625 0.08203125
1 0.38671875 0.18046875 0.04296875 0.0890625
1 0.93828125 0.5359375 0.07265625 0.146875
0 0.45078125 0.15546875 0.05234375 0.11328125
1 0.88203125 0.39296875 0.0609375 0.09375
0 0.3734375 0.265625 0.06171875 0.10078125
1 0.36640625 0.38359375 0.08671875 0.1734375
1 0.7578125 0.27890625 0.04609375 0.11015625
0 0.71796875 0.22109375 0.03828125 0.121875
0 0.6296875 0.14140625 0.04140625 0.08515625
1 0.09453125 0.50859375 0.0578125 0.225
1 0.3234375 0.1484375 0.04609375 0.14296875
0 0.48125 0.35703125 0.07734375 0.175
