0 0.20546875 0.53828125 0.06953125 0.16171875
0 0.9328125 0.5265625 0.07109375 0.165625
1 0.6125 0.41328125 0.0734375 0.103125
1 0.70390625 0.4390625 0.08203125 0.09453125
0 0.48984375 0.53359375 0.09375 0.196875
1 0.79765625 0.23125 0.04609375 0.0734375
1 0.33125 0.56796875 0.11875 0.1734375
1 0.3796875 0.2609375 0.05703125 0.10859375
0 0.0890625 0.4984375 0.08046875 0.23125
0 0.47890625 0.3546875 0.075 0.1796875
0 0.56484375 0.14375 0.04765625 0.090625
1 0.84140625 0.31328125 0.053125 0.0734375
0 0.31953125 0.14609375 0.05 0.09609375
1 0.246875 0.37265625 0.06953125 0.18046875
0 0.73203125 0.2296875 0.05859375 0.109375
1 0.45234375 0.15390625 0.046875 0.11953125
1 0.39296875 0.17578125 0.03828125 0.09296875
1 0.88203125 0.40546875 0.0578125 0.10703125
0 0.65078125 0.20703125 0.05625 0.09296875
0 0.571875 0.19296875 0.05078125 0.096875
1 0.8125 0.43984375 0.06796875 0.2390625
0 0.3671875 0.36484375 0.11953125 0.19140625
0 0.6296875 0.14296875 0.05625 0.08984375
0 0.775 0.28515625 0.05859375 0.11953125
