1 0.33125 0.58671875 0.12421875 0.1203125
0 0.20390625 0.54765625 0.06953125 0.16796875
1 0.70546875 0.4484375 0.07265625 0.09296875
0 0.4890625 0.5359375 0.096875 0.19921875
1 0.6515625 0.20625 0.06015625 0.096875
1 0.240625 0.39765625 0.07265625 0.165625
0 0.63203125 0.14453125 0.04765625 0.0859375
1 0.48125 0.39609375 0.09296875 0.11328125
1 0.61953125 0.41171875 0.08671875 0.14453125
1 0.3875 0.178125 0.04375 0.09296875
0 0.809375 0.240625 0.04140625 0.06953125
1 0.45078125 0.16328125 0.05859375 0.096875
1 0.8390625 0.30859375 0.05859375 0.09140625
1 0.8859375 0.38671875 0.06171875 0.1
0 0.5671875 0.14140625 0.05546875 0.08515625
1 0.93828125 0.52578125 0.0734375 0.16328125
1 0.09453125 0.50625 0.05390625 0.23203125
1 0.71953125 0.21953125 0.04140625 0.12109375
1 0.7625 0.28515625 0.05625 0.1203125
0 0.37421875 0.265625 0.06484375 0.11796875
0 0.3203125 0.15703125 0.0515625 0.140625
1 0.80859375 0.38203125 0.0625 0.12578125
1 0.3625 0.38203125 0.08828125 0.18359375
0 0.57421875 0.190625 0.0515625 0.10078125
