1 0.70078125 0.44921875 0.08671875 0.09375
0 0.47734375 0.37109375 0.07109375 0.13671875
0 0.2390625 0.4015625 0.07734375 0.14375
0 0.63125 0.153125 0.04765625 0.07578125
1 0.9375 0.53203125 0.06953125 0.14609375
0 0.37421875 0.26328125 0.06640625 0.12109375
1 0.0875 0.53046875 0.075 0.17421875
1 0.8109375 0.39296875 0.0640625 0.1234375
1 0.7984375 0.22890625 0.046875 0.065625
1 0.61328125 0.415625 0.075 0.09921875
1 0.65078125 0.20703125 0.05703125 0.09296875
1 0.83203125 0.29921875 0.04609375 0.096875
1 0.33125 0.56640625 0.12421875 0.17578125
1 0.3953125 0.16796875 0.03828125 0.09140625
0 0.88125 0.39140625 0.05234375 0.1203125
1 0.57265625 0.1515625 0.05390625 0.09375
1 0.36171875 0.38359375 0.08984375 0.1734375
1 0.7265625 0.2234375 0.04921875 0.1109375
1 0.19921875 0.52421875 0.08359375 0.19140625
0 0.31953125 0.14765625 0.04921875 0.10625
0 0.775 0.28828125 0.0625 0.09921875
0 0.4890625 0.55390625 0.096875 0.17890625
1 0.45390625 0.16171875 0.06328125 0.1546875
0 0.56953125 0.2125 0.08125 0.08984375
