0 0.571875 0.21015625 0.05390625 0.06328125
1 0.70703125 0.44921875 0.07578125 0.0953125
1 0.33359375 0.58828125 0.1296875 0.11796875
0 0.20390625 0.54765625 0.07109375 0.165625
1 0.8 0.23203125 0.04765625 0.08125
1 0.621875 0.41875 0.08671875 0.121875
1 0.8109375 0.39375 0.0609375 0.1109375
1 0.65078125 0.20703125 0.05859375 0.09296875
1 0.56796875 0.14609375 0.05546875 0.08515625
1 0.8390625 0.30703125 0.05703125 0.08515625
1 0.878125 0.38359375 0.0578125 0.1359375
0 0.38828125 0.17890625 0.0390625 0.09375
0 0.36640625 0.27109375 0.05859375 0.1109375
0 0.47890625 0.35625 0.0875 0.146875
1 0.36484375 0.3859375 0.084375 0.17109375
1 0.49375 0.53359375 0.0875 0.225
1 0.45 0.15703125 0.05546875 0.10703125
1 0.9421875 0.55078125 0.08359375 0.12421875
1 0.32265625 0.14375 0.04453125 0.128125
0 0.71796875 0.22109375 0.03828125 0.1203125
1 0.24140625 0.4046875 0.07421875 0.16953125
1 0.7578125 0.2765625 0.04765625 0.1046875
0 0.63046875 0.14140625 0.04140625 0.08359375
1 0.09609375 0.51328125 0.0546875 0.23359375
