1 0.70078125 0.44921875 0.08671875 0.09375
0 0.33671875 0.5515625 0.11171875 0.21796875
1 0.79765625 0.23125 0.04609375 0.0765625
0 0.37578125 0.2609375 0.06484375 0.12109375
1 0.646875 0.20390625 0.0546875 0.096875
0 0.48515625 0.5359375 0.09140625 0.203125
1 0.45078125 0.15703125 0.05234375 0.11640625
0 0.23671875 0.38515625 0.06484375 0.14453125
0 0.5625 0.19453125 0.05 0.0953125
1 0.8390625 0.30625 0.05390625 0.08203125
1 0.6140625 0.415625 0.0765625 0.096875
1 0.88203125 0.39609375 0.05546875 0.109375
1 0.315625 0.1640625 0.0484375 0.0703125
0 0.07734375 0.503125 0.06953125 0.20546875
1 0.571875 0.14609375 0.0546875 0.09296875
0 0.46953125 0.37578125 0.06796875 0.1265625
0 0.71875 0.22421875 0.03671875 0.125
0 0.39453125 0.17265625 0.0390625 0.09375
1 0.184375 0.5390625 0.08125 0.19453125
0 0.62890625 0.14375 0.04375 0.1
1 0.94140625 0.53515625 0.07890625 0.14453125
0 0.359375 0.378125 0.084375 0.13671875
1 0.771875 0.3 0.0703125 0.12109375
1 0.8171875 0.3890625 0.07734375 0.165625
