0 0.57109375 0.21015625 0.053125 0.06328125
1 0.4875 0.353125 0.06640625 0.15
1 0.70625 0.44921875 0.07578125 0.09375
0 0.49375 0.53125 0.0875 0.215625
1 0.45 0.15703125 0.0546875 0.10703125
1 0.3328125 0.584375 0.12734375 0.11875
1 0.3671875 0.26875 0.05703125 0.121875
1 0.8375 0.303125 0.05625 0.09609375
1 0.65078125 0.20703125 0.0578125 0.090625
1 0.79921875 0.23359375 0.0484375 0.08203125
1 0.621875 0.41640625 0.0890625 0.121875
1 0.81171875 0.39453125 0.0609375 0.11015625
1 0.87578125 0.4140625 0.05078125 0.19375
1 0.94375 0.540625 0.07421875 0.134375
0 0.1921875 0.578125 0.084375 0.15703125
1 0.56796875 0.14453125 0.05234375 0.0859375
1 0.08203125 0.5140625 0.08046875 0.19609375
1 0.23828125 0.4015625 0.07578125 0.16171875
1 0.75859375 0.278125 0.04609375 0.10703125
0 0.71875 0.2234375 0.0390625 0.121875
0 0.6296875 0.14609375 0.046875 0.07578125
1 0.36640625 0.38515625 0.08515625 0.1703125
1 0.32265625 0.14375 0.04609375 0.128125
1 0.3921875 0.1859375 0.05625 0.11953125
