0 0.20546875 0.54609375 0.06953125 0.171875
1 0.7984375 0.23125 0.04609375 0.065625
0 0.48984375 0.53359375 0.09375 0.20078125
0 0.6984375 0.42578125 0.07734375 0.14609375
1 0.61640625 0.41171875 0.071875 0.11328125
0 0.08125 0.528125 0.08046875 0.19296875
1 0.83984375 0.30703125 0.053125 0.08671875
1 0.65 0.20078125 0.05625 0.08671875
1 0.375 0.26796875 0.06640625 0.11953125
1 0.575 0.14921875 0.053125 0.1046875
1 0.71953125 0.22421875 0.03984375 0.13046875
1 0.24140625 0.4046875 0.07734375 0.159375
1 0.39765625 0.16875 0.03671875 0.090625
0 0.88046875 0.39140625 0.0515625 0.1203125
1 0.63515625 0.14453125 0.04765625 0.065625
0 0.47890625 0.3734375 0.06796875 0.128125
1 0.76953125 0.290625 0.0546875 0.0953125
0 0.32421875 0.53359375 0.06953125 0.253125
1 0.93984375 0.53515625 0.07421875 0.13671875
0 0.45078125 0.15859375 0.05078125 0.11953125
1 0.31953125 0.14921875 0.0484375 0.103125
1 0.3609375 0.384375 0.11171875 0.196875
0 0.571875 0.21171875 0.07578125 0.08828125
0 0.8125 0.39140625 0.08125 0.1421875
