1 0.2390625 0.4015625 0.0796875 0.14921875
1 0.37421875 0.26328125 0.06796875 0.11953125
1 0.94453125 0.55703125 0.09296875 0.109375
1 0.65078125 0.20625 0.06171875 0.0953125
0 0.57109375 0.14375 0.05078125 0.090625
1 0.796875 0.22890625 0.04765625 0.075
1 0.33125 0.56796875 0.11328125 0.20078125
1 0.88203125 0.3984375 0.05703125 0.10390625
0 0.771875 0.29375 0.0609375 0.1
1 0.4921875 0.5359375 0.08984375 0.196875
0 0.45390625 0.16640625 0.05625 0.090625
0 0.5671875 0.19765625 0.0421875 0.09140625
1 0.83828125 0.30703125 0.05390625 0.08671875
1 0.09140625 0.49921875 0.05859375 0.23203125
1 0.7 0.43203125 0.08828125 0.11875
0 0.6328125 0.14453125 0.04296875 0.08046875
1 0.48125 0.37578125 0.07421875 0.1484375
1 0.3625 0.37890625 0.0875 0.17890625
1 0.20078125 0.53046875 0.07578125 0.178125
1 0.61796875 0.40859375 0.06171875 0.16796875
0 0.31953125 0.1609375 0.05 0.1234375
1 0.38359375 0.18125 0.0640625 0.11171875
1 0.72890625 0.225 0.0625 0.1109375
1 0.81328125 0.3875 0.075 0.14375
