0 0.56328125 0.21015625 0.05234375 0.08125
1 0.9375 0.5359375 0.0734375 0.13984375
1 0.65 0.20859375 0.0609375 0.0953125
1 0.79921875 0.2265625 0.04921875 0.08828125
1 0.36328125 0.38671875 0.08828125 0.16640625
1 0.24609375 0.36640625 0.07421875 0.178125
1 0.7328125 0.23671875 0.06640625 0.090625
1 0.69921875 0.440625 0.08671875 0.103125
1 0.83828125 0.30859375 0.05703125 0.08203125
0 0.09453125 0.50078125 0.05859375 0.20546875
1 0.31796875 0.15390625 0.04609375 0.10078125
1 0.4515625 0.15625 0.05234375 0.1140625
1 0.48046875 0.37421875 0.06796875 0.12109375
1 0.37890625 0.26953125 0.075 0.1140625
1 0.33203125 0.55625 0.1125 0.20625
1 0.8828125 0.3984375 0.06328125 0.11875
1 0.19609375 0.5640625 0.0828125 0.2
1 0.615625 0.41640625 0.07578125 0.14296875
1 0.63125 0.13984375 0.0375 0.08515625
1 0.77578125 0.303125 0.0578125 0.0890625
1 0.5734375 0.14453125 0.05078125 0.08984375
1 0.39140625 0.165625 0.0421875 0.08828125
1 0.4890625 0.54453125 0.09453125 0.2046875
1 0.81484375 0.38203125 0.06796875 0.1515625
