0 0.2046875 0.54375 0.06953125 0.171875
0 0.240625 0.39296875 0.07109375 0.18046875
0 0.48046875 0.38125 0.09140625 0.146875
1 0.8015625 0.2265625 0.03828125 0.0765625
1 0.6484375 0.20390625 0.0546875 0.0953125
1 0.81015625 0.38125 0.0640625 0.13984375
1 0.7046875 0.44765625 0.07578125 0.09375
1 0.3875 0.190625 0.05 0.07109375
1 0.3734375 0.26796875 0.0640625 0.1140625
0 0.45546875 0.15859375 0.05234375 0.10625
0 0.8828125 0.38828125 0.0578125 0.14921875
1 0.62109375 0.41640625 0.08984375 0.13359375
0 0.5625 0.19453125 0.0484375 0.096875
1 0.48828125 0.54609375 0.09765625 0.19609375
0 0.5671875 0.14609375 0.0578125 0.0890625
0 0.6296875 0.14453125 0.04609375 0.08046875
1 0.71875 0.2234375 0.0390625 0.12421875
1 0.94296875 0.55546875 0.08203125 0.13359375
1 0.09609375 0.515625 0.05703125 0.253125
0 0.3203125 0.15703125 0.04765625 0.12578125
1 0.33515625 0.56953125 0.13125 0.1359375
1 0.3625 0.38359375 0.08828125 0.184375
1 0.7734375 0.290625 0.07109375 0.11640625
1 0.840625 0.30390625 0.06875 0.09765625
