0 0.2046875 0.54765625 0.07109375 0.165625
0 0.2390625 0.39375 0.0734375 0.18125
1 0.3328125 0.58671875 0.12890625 0.11875
1 0.79921875 0.23203125 0.04921875 0.0796875
1 0.70546875 0.44921875 0.07421875 0.09140625
1 0.45 0.15625 0.05390625 0.10859375
1 0.49296875 0.53125 0.08828125 0.2046875
1 0.8109375 0.39609375 0.06015625 0.10703125
1 0.65078125 0.20703125 0.06015625 0.090625
0 0.56953125 0.20390625 0.0484375 0.0734375
1 0.62109375 0.4140625 0.08828125 0.12578125
1 0.8390625 0.3109375 0.05703125 0.084375
1 0.56484375 0.15078125 0.053125 0.08671875
1 0.9375 0.53359375 0.07109375 0.14375
1 0.88125 0.39375 0.06171875 0.09609375
1 0.38671875 0.18125 0.0453125 0.08828125
1 0.7578125 0.2859375 0.04609375 0.1234375
1 0.09453125 0.51171875 0.05859375 0.23515625
0 0.71796875 0.22265625 0.03828125 0.12109375
1 0.37265625 0.26875 0.06171875 0.0984375
1 0.36640625 0.38359375 0.08671875 0.1734375
1 0.3234375 0.14921875 0.04609375 0.14921875
0 0.628125 0.14375 0.04296875 0.08671875
1 0.48515625 0.3515625 0.06328125 0.159375
