0 0.2046875 0.54140625 0.06953125 0.16875
0 0.48125 0.38125 0.09140625 0.146875
1 0.240625 0.39296875 0.0703125 0.1765625
1 0.6484375 0.20390625 0.05546875 0.0953125
0 0.37421875 0.26796875 0.06328125 0.115625
1 0.70546875 0.44765625 0.07421875 0.09375
1 0.80859375 0.38203125 0.06484375 0.13359375
1 0.8015625 0.22578125 0.0375 0.078125
0 0.5640625 0.2015625 0.046875 0.10078125
1 0.62109375 0.41640625 0.08828125 0.128125
1 0.3875 0.190625 0.05 0.07109375
0 0.45546875 0.15703125 0.05078125 0.1046875
1 0.94296875 0.55625 0.08203125 0.134375
1 0.48828125 0.55078125 0.09765625 0.2015625
0 0.5671875 0.14453125 0.0578125 0.08984375
1 0.71875 0.22578125 0.0390625 0.11875
0 0.63046875 0.14609375 0.04296875 0.0796875
0 0.88359375 0.41953125 0.0609375 0.19140625
1 0.0953125 0.50546875 0.05546875 0.23359375
1 0.33359375 0.57265625 0.13203125 0.13046875
1 0.32109375 0.15546875 0.04609375 0.1484375
1 0.36484375 0.371875 0.11015625 0.18671875
1 0.771875 0.29375 0.06015625 0.10390625
1 0.84609375 0.30234375 0.05625 0.07578125
