0 0.20390625 0.54296875 0.06875 0.1546875
0 0.33671875 0.55625 0.12578125 0.16796875
1 0.2390625 0.39140625 0.075 0.18515625
1 0.70390625 0.4484375 0.07265625 0.09296875
0 0.4890625 0.53359375 0.09609375 0.20078125
1 0.6515625 0.20625 0.06015625 0.09375
1 0.62265625 0.41875 0.08828125 0.121875
1 0.93984375 0.52890625 0.07578125 0.1546875
1 0.8453125 0.3140625 0.05078125 0.08125
0 0.47890625 0.3765625 0.08515625 0.1359375
0 0.3640625 0.38203125 0.0875 0.17578125
1 0.38828125 0.18125 0.03984375 0.09375
0 0.8078125 0.24140625 0.04140625 0.0703125
1 0.63046875 0.14453125 0.04765625 0.08828125
1 0.09453125 0.50625 0.0609375 0.2234375
0 0.56953125 0.1890625 0.05546875 0.1
1 0.88203125 0.38671875 0.05703125 0.10390625
1 0.75859375 0.28828125 0.04765625 0.1234375
1 0.56171875 0.13984375 0.04453125 0.08359375
0 0.71953125 0.22421875 0.04140625 0.115625
1 0.80859375 0.43359375 0.0625 0.23203125
0 0.3234375 0.14609375 0.05078125 0.1140625
0 0.45078125 0.15078125 0.05546875 0.11875
0 0.3796875 0.2421875 0.0765625 0.140625
