0 0.3609375 0.38359375 0.08359375 0.1640625
0 0.33828125 0.54921875 0.11953125 0.18203125
0 0.23515625 0.37578125 0.07578125 0.15390625
0 0.3953125 0.16640625 0.04140625 0.0890625
1 0.69921875 0.44453125 0.08515625 0.096875
0 0.4828125 0.34921875 0.06484375 0.14921875
0 0.4921875 0.53984375 0.08359375 0.2109375
1 0.65078125 0.20546875 0.05859375 0.09296875
0 0.56796875 0.19296875 0.03828125 0.096875
1 0.5671875 0.14609375 0.04765625 0.08359375
1 0.61328125 0.4171875 0.075 0.0953125
1 0.7796875 0.29140625 0.05234375 0.10703125
0 0.37578125 0.26171875 0.06484375 0.121875
1 0.81640625 0.38203125 0.0765625 0.14296875
1 0.45234375 0.15703125 0.05 0.12421875
1 0.8828125 0.39765625 0.05703125 0.11953125
1 0.0859375 0.50625 0.07734375 0.21015625
0 0.20078125 0.5265625 0.0734375 0.19375
0 0.93671875 0.52421875 0.07265625 0.1640625
1 0.31640625 0.15546875 0.04765625 0.1015625
0 0.62109375 0.15625 0.05234375 0.08828125
1 0.71875 0.2359375 0.03828125 0.146875
1 0.8 0.22578125 0.08125 0.08828125
1 0.8453125 0.29375 0.05703125 0.11484375
