0 0.57265625 0.20859375 0.05390625 0.065625
1 0.70625 0.44921875 0.07578125 0.09375
0 0.20390625 0.54765625 0.07109375 0.16953125
1 0.33359375 0.58671875 0.12890625 0.11640625
1 0.6203125 0.41796875 0.0890625 0.125
0 0.49375 0.53125 0.08828125 0.203125
1 0.8 0.23203125 0.04765625 0.08125
1 0.8109375 0.39453125 0.06015625 0.11171875
1 0.65078125 0.20703125 0.0578125 0.090625
1 0.8390625 0.30859375 0.0578125 0.0859375
1 0.56796875 0.1484375 0.05390625 0.0796875
1 0.45078125 0.15703125 0.05390625 0.10703125
1 0.88046875 0.39296875 0.06015625 0.103125
1 0.9421875 0.5515625 0.0828125 0.1265625
0 0.37421875 0.26640625 0.05546875 0.1203125
0 0.09375 0.525 0.05859375 0.25
0 0.6296875 0.14375 0.04140625 0.0796875
1 0.2390625 0.3984375 0.07890625 0.16875
1 0.7578125 0.278125 0.046875 0.10546875
0 0.4875 0.34765625 0.07109375 0.1640625
0 0.71796875 0.22109375 0.03828125 0.121875
1 0.3234375 0.146875 0.04609375 0.134375
1 0.36484375 0.4015625 0.109375 0.20859375
1 0.39140625 0.17734375 0.06328125 0.121875
