0 0.20390625 0.5359375 0.071875 0.1734375
0 0.5640625 0.21015625 0.05234375 0.08359375
1 0.65 0.20859375 0.0609375 0.0953125
1 0.8 0.23359375 0.04453125 0.0765625
0 0.9375 0.5265625 0.0734375 0.165625
1 0.615625 0.41796875 0.07734375 0.146875
1 0.7328125 0.23671875 0.0671875 0.09453125
1 0.2484375 0.378125 0.075 0.18359375
0 0.634375 0.13828125 0.0453125 0.08828125
1 0.8390625 0.3109375 0.06015625 0.07890625
1 0.31796875 0.1515625 0.04609375 0.096875
1 0.4515625 0.15390625 0.05234375 0.11796875
1 0.5734375 0.14453125 0.05078125 0.08984375
1 0.3640625 0.384375 0.08984375 0.1734375
1 0.88359375 0.403125 0.0609375 0.109375
1 0.39140625 0.16328125 0.0390625 0.08828125
1 0.48203125 0.36171875 0.06328125 0.14609375
1 0.48828125 0.54609375 0.09453125 0.1984375
1 0.33125 0.57890625 0.11875 0.14921875
1 0.0953125 0.50703125 0.0640625 0.22578125
0 0.81015625 0.43671875 0.06171875 0.26328125
1 0.70390625 0.43671875 0.08203125 0.10546875
1 0.7734375 0.29375 0.065625 0.1328125
1 0.378125 0.2796875 0.0890625 0.13125
