0 0.5640625 0.2109375 0.05234375 0.08203125
1 0.9375 0.53203125 0.0734375 0.1453125
1 0.79921875 0.23359375 0.04609375 0.07890625
1 0.65078125 0.20703125 0.06015625 0.09453125
1 0.83984375 0.30859375 0.05546875 0.08203125
1 0.246875 0.36875 0.07421875 0.17421875
0 0.33125 0.55546875 0.11328125 0.2015625
1 0.7328125 0.23671875 0.06640625 0.0890625
1 0.378125 0.26875 0.07421875 0.11484375
1 0.4515625 0.15703125 0.05234375 0.11484375
0 0.0921875 0.50546875 0.06484375 0.2203125
1 0.36328125 0.38203125 0.08828125 0.171875
1 0.61640625 0.415625 0.0765625 0.146875
1 0.8109375 0.44296875 0.06328125 0.24375
1 0.70546875 0.43359375 0.0890625 0.10859375
1 0.57265625 0.14453125 0.04921875 0.08828125
0 0.63125 0.14296875 0.03828125 0.0859375
1 0.31796875 0.15390625 0.0453125 0.103125
1 0.88359375 0.40234375 0.06171875 0.1140625
1 0.20234375 0.53125 0.07265625 0.1765625
1 0.48046875 0.37578125 0.06796875 0.11875
1 0.39140625 0.165625 0.05078125 0.09140625
1 0.4890625 0.54609375 0.09453125 0.2015625
0 0.7796875 0.2953125 0.0703125 0.12109375
