1 0.93828125 0.53359375 0.07421875 0.14921875
0 0.2046875 0.5484375 0.071875 0.16875
1 0.79921875 0.23203125 0.04921875 0.08125
1 0.3328125 0.58515625 0.1265625 0.11875
1 0.65078125 0.20546875 0.0578125 0.09296875
1 0.4953125 0.52578125 0.0828125 0.2109375
1 0.7046875 0.4484375 0.0734375 0.09453125
0 0.8796875 0.38125 0.05546875 0.1265625
0 0.5703125 0.21015625 0.04921875 0.06328125
0 0.3625 0.38046875 0.08828125 0.178125
1 0.6296875 0.14453125 0.04765625 0.0796875
1 0.62265625 0.41796875 0.08828125 0.1234375
1 0.3203125 0.14453125 0.04453125 0.12109375
0 0.5640625 0.14140625 0.04921875 0.09609375
1 0.7578125 0.2859375 0.04609375 0.12109375
0 0.45390625 0.1609375 0.05234375 0.1140625
0 0.0953125 0.50546875 0.05859375 0.221875
0 0.47734375 0.37890625 0.08671875 0.14921875
0 0.71875 0.21953125 0.03828125 0.121875
1 0.375 0.25703125 0.06328125 0.13359375
1 0.3890625 0.17890625 0.0421875 0.0859375
1 0.2421875 0.396875 0.07578125 0.175
1 0.83984375 0.29453125 0.06484375 0.10703125
1 0.8125 0.38671875 0.06015625 0.13671875
