0 0.56171875 0.19609375 0.04921875 0.090625
0 0.203125 0.54375 0.06953125 0.15546875
1 0.7015625 0.44921875 0.08359375 0.09375
0 0.3609375 0.3859375 0.08515625 0.146875
0 0.4 0.17421875 0.0375 0.084375
1 0.64921875 0.20546875 0.05703125 0.09296875
1 0.7984375 0.23125 0.04453125 0.07890625
0 0.23828125 0.38046875 0.07265625 0.15390625
1 0.61484375 0.415625 0.0765625 0.096875
1 0.45078125 0.15703125 0.0515625 0.11484375
1 0.8171875 0.38359375 0.0765625 0.14375
0 0.07890625 0.51171875 0.08203125 0.2
0 0.71875 0.2359375 0.03828125 0.14140625
1 0.57109375 0.140625 0.05078125 0.0953125
0 0.94140625 0.54140625 0.08203125 0.13125
0 0.63125 0.140625 0.04375 0.08984375
1 0.88125 0.390625 0.05234375 0.12109375
0 0.375 0.26328125 0.06640625 0.125
1 0.47578125 0.40390625 0.08984375 0.13203125
0 0.334375 0.553125 0.11484375 0.20546875
1 0.31953125 0.14296875 0.04765625 0.11796875
0 0.48671875 0.53671875 0.1265625 0.21015625
1 0.771875 0.28671875 0.0625 0.1265625
1 0.83828125 0.3046875 0.0796875 0.08984375
