1 0.93828125 0.52890625 0.07421875 0.153125
0 0.57265625 0.20859375 0.05390625 0.0640625
1 0.33359375 0.58671875 0.128125 0.11640625
1 0.63203125 0.14765625 0.04375 0.09140625
1 0.8375 0.30625 0.05703125 0.09375
1 0.62109375 0.41953125 0.08515625 0.11953125
1 0.65078125 0.20625 0.0578125 0.09140625
1 0.45078125 0.15078125 0.05390625 0.11875
1 0.79921875 0.23359375 0.04765625 0.08046875
1 0.8109375 0.39375 0.06171875 0.11640625
0 0.0828125 0.50546875 0.07734375 0.2109375
0 0.49375 0.52734375 0.0875 0.2140625
0 0.37578125 0.2765625 0.05703125 0.1046875
1 0.18828125 0.59921875 0.09296875 0.17109375
1 0.70546875 0.44921875 0.075 0.09921875
1 0.56875 0.14453125 0.0546875 0.084375
1 0.71875 0.22109375 0.0375 0.11875
1 0.7578125 0.2890625 0.04765625 0.1296875
1 0.2375 0.39765625 0.07734375 0.175
1 0.32109375 0.1515625 0.04921875 0.13984375
1 0.3875 0.18203125 0.04296875 0.09609375
1 0.4875 0.35078125 0.06875 0.15703125
0 0.8828125 0.41875 0.0609375 0.19453125
1 0.36171875 0.3796875 0.10859375 0.19296875
