0 0.57109375 0.19453125 0.05078125 0.08984375
0 0.2046875 0.5484375 0.07109375 0.16875
1 0.7046875 0.44765625 0.07265625 0.09375
0 0.4890625 0.53359375 0.09609375 0.20078125
1 0.6515625 0.20703125 0.06015625 0.09453125
1 0.33359375 0.584375 0.12578125 0.11875
1 0.8453125 0.315625 0.04765625 0.08203125
1 0.38671875 0.18203125 0.04296875 0.09609375
0 0.6296875 0.14453125 0.04609375 0.08984375
0 0.45234375 0.15859375 0.05546875 0.10625
1 0.621875 0.41953125 0.08984375 0.12109375
0 0.8078125 0.24140625 0.04140625 0.0703125
1 0.9390625 0.528125 0.07578125 0.159375
1 0.88203125 0.3859375 0.05390625 0.103125
1 0.76171875 0.278125 0.05 0.10703125
1 0.240625 0.39609375 0.0765625 0.18359375
0 0.71953125 0.2234375 0.03984375 0.1203125
1 0.36328125 0.38359375 0.08828125 0.184375
0 0.3203125 0.15078125 0.05078125 0.128125
1 0.809375 0.4359375 0.06328125 0.2359375
1 0.0953125 0.50703125 0.05703125 0.22578125
1 0.48125 0.38359375 0.11171875 0.1640625
1 0.3765625 0.265625 0.07578125 0.15
0 0.55234375 0.140625 0.0421875 0.090625
