0 0.565625 0.19921875 0.04609375 0.0859375
0 0.33046875 0.56015625 0.11640625 0.190625
1 0.93828125 0.53125 0.07265625 0.146875
1 0.79609375 0.22890625 0.04921875 0.07890625
1 0.65078125 0.20703125 0.06171875 0.09609375
1 0.69921875 0.44453125 0.08515625 0.096875
1 0.7328125 0.23671875 0.0671875 0.09296875
1 0.7765625 0.30078125 0.05546875 0.08671875
1 0.18671875 0.59453125 0.09765625 0.1234375
1 0.8390625 0.30859375 0.05546875 0.084375
1 0.8828125 0.39609375 0.06015625 0.121875
1 0.45078125 0.15859375 0.0546875 0.11796875
1 0.6171875 0.41796875 0.0765625 0.13828125
1 0.31796875 0.153125 0.04609375 0.10390625
1 0.08515625 0.5390625 0.075 0.14609375
1 0.5734375 0.14140625 0.0484375 0.08515625
0 0.63515625 0.1421875 0.03515625 0.084375
1 0.37734375 0.2796875 0.07734375 0.09375
1 0.81171875 0.44453125 0.0625 0.246875
1 0.2484375 0.3734375 0.07421875 0.18515625
1 0.36328125 0.38515625 0.08984375 0.16875
1 0.48046875 0.3734375 0.06953125 0.125
1 0.48828125 0.54296875 0.09453125 0.20625
1 0.3953125 0.16875 0.04140625 0.0890625
