1 0.79921875 0.23125 0.05078125 0.08203125
0 0.2046875 0.5484375 0.07109375 0.171875
1 0.3328125 0.5859375 0.12890625 0.1234375
1 0.49453125 0.52578125 0.08515625 0.2109375
1 0.7046875 0.44765625 0.0734375 0.09375
1 0.65078125 0.20625 0.05859375 0.09375
1 0.9390625 0.52890625 0.0765625 0.153125
0 0.62890625 0.14296875 0.04609375 0.096875
0 0.8796875 0.38203125 0.05625 0.121875
0 0.5703125 0.2109375 0.05078125 0.06171875
0 0.3625 0.38046875 0.0875 0.18125
1 0.6234375 0.41640625 0.08828125 0.12421875
1 0.3203125 0.14296875 0.04453125 0.115625
0 0.45390625 0.16328125 0.05390625 0.1140625
1 0.7578125 0.28203125 0.04609375 0.11484375
1 0.37421875 0.25703125 0.06328125 0.13125
0 0.5640625 0.14296875 0.04921875 0.096875
0 0.09453125 0.50625 0.05859375 0.225
1 0.71796875 0.22109375 0.03828125 0.121875
1 0.23984375 0.3921875 0.07421875 0.1796875
1 0.48515625 0.37734375 0.1140625 0.15546875
0 0.3921875 0.171875 0.0546875 0.10234375
1 0.84140625 0.30703125 0.06015625 0.09453125
1 0.8078125 0.3734375 0.07109375 0.14375
