1 0.3328125 0.58515625 0.12890625 0.11875
1 0.9375 0.53359375 0.06953125 0.146875
0 0.20390625 0.5484375 0.06953125 0.16640625
1 0.79921875 0.23203125 0.04921875 0.0796875
1 0.23984375 0.39453125 0.07265625 0.1796875
1 0.70546875 0.44921875 0.07421875 0.09140625
1 0.6203125 0.42109375 0.09140625 0.1203125
1 0.81015625 0.39453125 0.06015625 0.11171875
1 0.365625 0.3859375 0.08359375 0.1765625
1 0.65078125 0.20703125 0.05859375 0.090625
0 0.49375 0.53203125 0.08828125 0.20546875
1 0.83828125 0.30546875 0.05703125 0.09296875
1 0.45078125 0.15703125 0.05390625 0.10703125
1 0.88203125 0.39296875 0.06171875 0.096875
1 0.5640625 0.1484375 0.0515625 0.0890625
0 0.09453125 0.5109375 0.0578125 0.23046875
1 0.3234375 0.1515625 0.04609375 0.146875
0 0.56953125 0.20546875 0.04921875 0.071875
1 0.7578125 0.28125 0.04609375 0.115625
0 0.7171875 0.2234375 0.03828125 0.1203125
1 0.484375 0.353125 0.06328125 0.15703125
0 0.37265625 0.27109375 0.06328125 0.09453125
0 0.38671875 0.18046875 0.04296875 0.08515625
0 0.63046875 0.14375 0.04453125 0.08125
