0 0.37421875 0.26796875 0.06640625 0.11171875
1 0.70078125 0.44921875 0.08671875 0.09375
0 0.20546875 0.54296875 0.0703125 0.16171875
0 0.2390625 0.40390625 0.075 0.1546875
1 0.9375 0.53125 0.06953125 0.146875
1 0.63125 0.153125 0.04765625 0.078125
0 0.83359375 0.29609375 0.0453125 0.09296875
0 0.4765625 0.36953125 0.07265625 0.13984375
1 0.6125 0.41640625 0.07578125 0.09609375
1 0.65078125 0.20703125 0.06015625 0.090625
0 0.08203125 0.5265625 0.0796875 0.18203125
1 0.81015625 0.3859375 0.06328125 0.13828125
1 0.45078125 0.15859375 0.05 0.11796875
1 0.33125 0.56640625 0.125 0.18359375
1 0.79921875 0.23046875 0.04453125 0.06328125
1 0.5734375 0.15390625 0.05390625 0.0859375
1 0.36171875 0.3859375 0.08984375 0.17109375
1 0.39375 0.16875 0.03828125 0.09296875
0 0.7734375 0.28671875 0.06484375 0.10390625
1 0.88046875 0.39140625 0.05546875 0.1203125
1 0.31953125 0.14296875 0.0484375 0.115625
0 0.56875 0.20703125 0.0484375 0.06875
1 0.72578125 0.21953125 0.04765625 0.11171875
1 0.48984375 0.54609375 0.09296875 0.190625
