1 0.61953125 0.41015625 0.08515625 0.140625
0 0.2046875 0.5484375 0.07109375 0.16875
1 0.79921875 0.23359375 0.04921875 0.08046875
1 0.70546875 0.44765625 0.0734375 0.09375
1 0.83828125 0.3109375 0.05703125 0.08984375
1 0.8109375 0.39453125 0.06171875 0.115625
0 0.56953125 0.20390625 0.04921875 0.0765625
1 0.334375 0.58515625 0.12421875 0.11875
0 0.48671875 0.33984375 0.06796875 0.1703125
1 0.65 0.20859375 0.05546875 0.08828125
1 0.49296875 0.53203125 0.08828125 0.2015625
0 0.375 0.25859375 0.0609375 0.10625
1 0.5640625 0.14375 0.0484375 0.09296875
1 0.9421875 0.5484375 0.0828125 0.13671875
1 0.2390625 0.39453125 0.07578125 0.17890625
1 0.38671875 0.18125 0.04296875 0.0859375
1 0.88203125 0.3921875 0.0625 0.1046875
1 0.36328125 0.38203125 0.08984375 0.17578125
0 0.71796875 0.22421875 0.03828125 0.1203125
1 0.45390625 0.159375 0.0546875 0.11875
1 0.0875 0.5109375 0.0765625 0.2234375
1 0.32421875 0.1515625 0.04453125 0.15625
1 0.7578125 0.2765625 0.04609375 0.10625
1 0.628125 0.159375 0.0640625 0.08125
