1 0.7 0.45078125 0.0859375 0.09296875
1 0.9375 0.53046875 0.07421875 0.15390625
0 0.375 0.26328125 0.0640625 0.1234375
1 0.7765625 0.29375 0.05234375 0.09296875
1 0.64765625 0.203125 0.053125 0.09609375
1 0.45 0.15703125 0.0515625 0.11640625
0 0.56171875 0.19453125 0.05078125 0.096875
0 0.2375 0.38359375 0.06640625 0.1453125
0 0.4859375 0.53515625 0.0921875 0.20390625
1 0.6140625 0.41640625 0.07578125 0.09609375
1 0.8390625 0.30546875 0.0546875 0.08125
1 0.88203125 0.39609375 0.05546875 0.109375
0 0.359375 0.3734375 0.08515625 0.128125
1 0.31640625 0.165625 0.04921875 0.07109375
0 0.3359375 0.54921875 0.10703125 0.22109375
0 0.0765625 0.50625 0.07265625 0.196875
0 0.39453125 0.17265625 0.0390625 0.09375
1 0.57109375 0.14609375 0.05625 0.09296875
1 0.6296875 0.14375 0.04296875 0.1
0 0.71796875 0.22578125 0.03671875 0.12578125
0 0.48515625 0.36328125 0.08671875 0.125
0 0.18671875 0.57421875 0.09140625 0.215625
1 0.80078125 0.23359375 0.075 0.10546875
1 0.8140625 0.3859375 0.0734375 0.15
