0 0.203125 0.53359375 0.07265625 0.1765625
0 0.5640625 0.2109375 0.05234375 0.08203125
1 0.9375 0.52890625 0.07421875 0.15625
1 0.65 0.20703125 0.0609375 0.0953125
1 0.8 0.23359375 0.04453125 0.0765625
1 0.61484375 0.41640625 0.07578125 0.14609375
1 0.4515625 0.15390625 0.05234375 0.1140625
1 0.7328125 0.2359375 0.06640625 0.08984375
1 0.6921875 0.42578125 0.07890625 0.12890625
1 0.5734375 0.14375 0.05078125 0.090625
0 0.33203125 0.57734375 0.11796875 0.1546875
1 0.2484375 0.37421875 0.07421875 0.18203125
1 0.8390625 0.303125 0.05390625 0.08671875
0 0.63515625 0.13828125 0.04375 0.08828125
1 0.31796875 0.15078125 0.04609375 0.09609375
1 0.88203125 0.428125 0.06171875 0.159375
1 0.4890625 0.54609375 0.09609375 0.1984375
1 0.48125 0.36015625 0.06484375 0.1484375
1 0.36328125 0.3859375 0.0890625 0.17109375
1 0.09453125 0.50625 0.0640625 0.2265625
1 0.39140625 0.16328125 0.03984375 0.08828125
1 0.37265625 0.27421875 0.1046875 0.10234375
1 0.76953125 0.2875 0.05703125 0.128125
0 0.815625 0.37734375 0.06875 0.1703125
