0 0.575 0.19296875 0.04453125 0.09921875
0 0.3625 0.38828125 0.08671875 0.175
0 0.2046875 0.54375 0.07109375 0.1609375
0 0.77421875 0.28515625 0.06171875 0.1109375
1 0.334375 0.5609375 0.11953125 0.16171875
1 0.08828125 0.50625 0.0765625 0.21953125
1 0.23671875 0.40703125 0.08203125 0.14453125
1 0.7 0.44375 0.08046875 0.09609375
1 0.31640625 0.15625 0.04921875 0.096875
1 0.83671875 0.30703125 0.0578125 0.08359375
0 0.4515625 0.15390625 0.05078125 0.11953125
1 0.3984375 0.16640625 0.03203125 0.09296875
1 0.65078125 0.20703125 0.0609375 0.09296875
1 0.61328125 0.41640625 0.07421875 0.09609375
0 0.93515625 0.52109375 0.07578125 0.17421875
0 0.4921875 0.5390625 0.08359375 0.2015625
1 0.79921875 0.2265625 0.04296875 0.084375
1 0.5671875 0.14765625 0.04609375 0.0765625
0 0.62421875 0.165625 0.04140625 0.11171875
1 0.8828125 0.39921875 0.05625 0.11796875
1 0.71796875 0.22421875 0.0390625 0.1234375
0 0.37890625 0.2484375 0.065625 0.13515625
0 0.47890625 0.36328125 0.06328125 0.13828125
1 0.80625 0.36640625 0.08828125 0.1578125
