0 0.565625 0.1984375 0.04609375 0.08515625
0 0.33125 0.55859375 0.1140625 0.196875
1 0.93828125 0.53046875 0.07265625 0.1484375
1 0.69921875 0.44140625 0.0859375 0.09296875
1 0.36328125 0.38671875 0.08828125 0.16328125
1 0.65 0.20703125 0.05859375 0.09453125
0 0.38515625 0.16953125 0.034375 0.08203125
1 0.73203125 0.2359375 0.0640625 0.09140625
1 0.79609375 0.23203125 0.05078125 0.075
1 0.18515625 0.59609375 0.09609375 0.11875
1 0.8390625 0.31015625 0.05390625 0.08515625
1 0.7765625 0.30078125 0.0546875 0.08671875
1 0.61484375 0.41875 0.07734375 0.1390625
1 0.57421875 0.14296875 0.05 0.0859375
1 0.09765625 0.50625 0.06015625 0.2140625
1 0.37890625 0.265625 0.071875 0.12109375
1 0.48046875 0.37109375 0.06796875 0.12421875
0 0.8828125 0.39453125 0.0609375 0.125
1 0.24609375 0.37421875 0.07421875 0.184375
1 0.8109375 0.44296875 0.0625 0.2453125
1 0.31796875 0.153125 0.04765625 0.0984375
0 0.6359375 0.14140625 0.03671875 0.08125
1 0.48828125 0.54296875 0.09453125 0.20625
0 0.45546875 0.15390625 0.04765625 0.11953125
