0 0.20390625 0.5390625 0.0703125 0.1609375
1 0.33203125 0.55859375 0.11640625 0.18828125
0 0.56171875 0.19609375 0.05 0.10703125
0 0.375 0.26171875 0.06640625 0.11484375
1 0.48984375 0.53828125 0.09296875 0.20859375
1 0.45078125 0.15234375 0.05234375 0.115625
1 0.65078125 0.20859375 0.06171875 0.09140625
0 0.78203125 0.3015625 0.0484375 0.0859375
1 0.79765625 0.22734375 0.05078125 0.0859375
1 0.73359375 0.23671875 0.06640625 0.09296875
1 0.56875 0.140625 0.05 0.096875
1 0.84453125 0.3109375 0.0484375 0.0765625
1 0.93671875 0.5359375 0.07578125 0.1453125
0 0.63046875 0.14296875 0.04609375 0.08203125
1 0.38828125 0.19140625 0.0453125 0.07421875
1 0.88203125 0.39296875 0.05859375 0.125
1 0.61640625 0.4140625 0.07734375 0.1484375
1 0.09375 0.50078125 0.06171875 0.23125
1 0.7046875 0.4390625 0.0828125 0.1
1 0.31953125 0.13828125 0.0484375 0.11171875
1 0.484375 0.35546875 0.065625 0.14296875
1 0.2484375 0.37578125 0.075 0.1796875
1 0.3609375 0.3734375 0.10546875 0.16640625
1 0.8140625 0.38046875 0.0609375 0.1578125
