0 0.56640625 0.19921875 0.046875 0.0859375
0 0.33125 0.55859375 0.11484375 0.196875
1 0.93828125 0.52890625 0.07265625 0.146875
1 0.3765625 0.26796875 0.0765625 0.11953125
1 0.65078125 0.20703125 0.06015625 0.09453125
1 0.73203125 0.2359375 0.06640625 0.09140625
1 0.79609375 0.23203125 0.05078125 0.07578125
1 0.69921875 0.44453125 0.0859375 0.096875
1 0.184375 0.59453125 0.096875 0.1203125
1 0.84140625 0.30859375 0.05390625 0.084375
1 0.4796875 0.37109375 0.06796875 0.12421875
0 0.38828125 0.16953125 0.03359375 0.0859375
1 0.8828125 0.403125 0.06171875 0.1109375
0 0.0921875 0.503125 0.0625 0.2203125
0 0.5734375 0.14296875 0.04921875 0.0859375
1 0.615625 0.41875 0.07578125 0.140625
1 0.7765625 0.30078125 0.05546875 0.08671875
1 0.246875 0.37265625 0.0734375 0.184375
0 0.45078125 0.15703125 0.05390625 0.11875
1 0.31796875 0.153125 0.0453125 0.10390625
0 0.634375 0.14140625 0.03828125 0.08359375
1 0.4890625 0.54296875 0.09453125 0.20625
1 0.3640625 0.38984375 0.10234375 0.1765625
1 0.815625 0.3921875 0.0765625 0.14375
