0 0.20390625 0.5359375 0.071875 0.16796875
1 0.33203125 0.55703125 0.11640625 0.1890625
1 0.8 0.23359375 0.04453125 0.0765625
0 0.56328125 0.21015625 0.05078125 0.08125
1 0.64921875 0.20703125 0.05703125 0.09296875
0 0.3921875 0.165625 0.03984375 0.08828125
0 0.484375 0.34609375 0.0640625 0.15703125
1 0.72890625 0.23671875 0.06015625 0.08671875
1 0.840625 0.31328125 0.05390625 0.0765625
0 0.88203125 0.384375 0.06015625 0.1390625
1 0.70390625 0.4390625 0.08046875 0.1
1 0.93671875 0.540625 0.07734375 0.13203125
1 0.61484375 0.41796875 0.07890625 0.14375
1 0.57265625 0.14609375 0.04609375 0.08359375
0 0.6296875 0.14453125 0.04921875 0.096875
0 0.45078125 0.15390625 0.05234375 0.1140625
1 0.37578125 0.25703125 0.0640625 0.12421875
1 0.09453125 0.50703125 0.06171875 0.228125
1 0.4890625 0.54609375 0.09609375 0.19609375
1 0.31796875 0.15078125 0.0453125 0.10390625
1 0.2484375 0.378125 0.07578125 0.18125
1 0.3609375 0.36953125 0.10546875 0.1734375
1 0.77109375 0.28984375 0.0578125 0.11953125
1 0.81171875 0.37265625 0.084375 0.16484375
