0 0.56796875 0.20390625 0.0453125 0.0734375
0 0.1921875 0.55625 0.08671875 0.175
0 0.48984375 0.53359375 0.09296875 0.20078125
0 0.2421875 0.40390625 0.075 0.16796875
1 0.7015625 0.44765625 0.09140625 0.096875
1 0.88125 0.39375 0.05625 0.11875
1 0.0890625 0.50859375 0.06171875 0.20625
0 0.4765625 0.365625 0.06953125 0.1453125
1 0.453125 0.17265625 0.05859375 0.09140625
0 0.321875 0.5359375 0.07421875 0.246875
1 0.8 0.23203125 0.04296875 0.06875
1 0.94375 0.5484375 0.08203125 0.13359375
1 0.61171875 0.4109375 0.07265625 0.146875
1 0.37578125 0.26328125 0.0640625 0.11171875
1 0.5734375 0.13515625 0.04765625 0.1
1 0.39765625 0.1734375 0.04140625 0.08671875
1 0.84375 0.30546875 0.04609375 0.090625
0 0.81640625 0.37421875 0.07109375 0.16171875
1 0.65234375 0.20078125 0.04375 0.090625
1 0.71875 0.22421875 0.04140625 0.12109375
0 0.3625 0.37109375 0.10234375 0.1984375
0 0.315625 0.159375 0.09140625 0.15546875
1 0.6296875 0.15234375 0.0609375 0.08046875
1 0.7765625 0.26953125 0.075 0.1390625
