0 0.20390625 0.54609375 0.0703125 0.16875
1 0.3328125 0.58203125 0.12890625 0.11875
0 0.5703125 0.20859375 0.04765625 0.065625
1 0.7046875 0.4484375 0.07265625 0.09453125
0 0.62890625 0.14296875 0.0453125 0.096875
0 0.49296875 0.52578125 0.08828125 0.20703125
1 0.6515625 0.20546875 0.05859375 0.09453125
1 0.79921875 0.23125 0.04921875 0.0859375
0 0.36328125 0.38203125 0.08671875 0.18359375
1 0.88203125 0.390625 0.06171875 0.10078125
1 0.38984375 0.17890625 0.04296875 0.08828125
1 0.8421875 0.3109375 0.053125 0.08828125
1 0.62109375 0.41875 0.08828125 0.121875
1 0.31953125 0.140625 0.04296875 0.1046875
0 0.4515625 0.159375 0.05078125 0.11875
0 0.09375 0.50703125 0.0578125 0.22578125
0 0.56484375 0.14375 0.05 0.0984375
1 0.9390625 0.53671875 0.07890625 0.159375
1 0.7578125 0.2734375 0.0453125 0.0984375
1 0.24140625 0.39375 0.07265625 0.1796875
1 0.37578125 0.25390625 0.084375 0.13046875
0 0.71640625 0.22265625 0.04765625 0.1375
1 0.81640625 0.396875 0.07578125 0.153125
0 0.48359375 0.36328125 0.10546875 0.1546875
