0 0.84609375 0.303125 0.04140625 0.090625
0 0.2046875 0.54296875 0.07109375 0.165625
1 0.7984375 0.23203125 0.04453125 0.0796875
0 0.3265625 0.53203125 0.10546875 0.20390625
1 0.7 0.44453125 0.08125 0.096875
0 0.4921875 0.5359375 0.08046875 0.19921875
0 0.8046875 0.35703125 0.0578125 0.128125
0 0.6265625 0.140625 0.03984375 0.08828125
0 0.38671875 0.2515625 0.08671875 0.1234375
0 0.4515625 0.15390625 0.05078125 0.12109375
0 0.57265625 0.19375 0.04453125 0.1
1 0.88203125 0.43046875 0.05859375 0.171875
1 0.6140625 0.41640625 0.07421875 0.09609375
1 0.39609375 0.16640625 0.03671875 0.09296875
1 0.471875 0.36953125 0.0703125 0.16796875
0 0.084375 0.50390625 0.0703125 0.2234375
1 0.315625 0.16640625 0.04921875 0.12421875
1 0.56328125 0.14375 0.04609375 0.0890625
0 0.2359375 0.390625 0.0765625 0.1546875
0 0.7265625 0.228125 0.05390625 0.12421875
1 0.9359375 0.52421875 0.07265625 0.1765625
0 0.65 0.20546875 0.06875 0.11796875
0 0.35625 0.371875 0.11015625 0.1875
1 0.7734375 0.28359375 0.06484375 0.1078125
