0 0.1984375 0.54765625 0.06875 0.16171875
1 0.70078125 0.44921875 0.0859375 0.09140625
0 0.240625 0.39140625 0.07421875 0.15703125
1 0.4546875 0.15703125 0.05234375 0.11484375
1 0.65078125 0.20859375 0.0578125 0.09921875
0 0.9375 0.52890625 0.075 0.1546875
1 0.61328125 0.41640625 0.07578125 0.1
0 0.5625 0.1984375 0.04765625 0.0890625
0 0.33515625 0.55546875 0.11640625 0.2
0 0.77265625 0.28359375 0.05625 0.10078125
1 0.7984375 0.23125 0.04453125 0.0640625
0 0.49296875 0.53515625 0.0890625 0.190625
1 0.31953125 0.14609375 0.04921875 0.11875
1 0.39453125 0.16796875 0.03984375 0.09375
1 0.56796875 0.140625 0.05078125 0.096875
0 0.83515625 0.30390625 0.04921875 0.0859375
0 0.88125 0.39140625 0.0515625 0.1203125
0 0.63046875 0.14453125 0.0453125 0.09140625
1 0.36171875 0.38671875 0.09140625 0.171875
1 0.71796875 0.2234375 0.03671875 0.121875
1 0.08359375 0.51015625 0.07421875 0.20703125
0 0.37578125 0.26640625 0.06640625 0.11328125
1 0.815625 0.38125 0.084375 0.18671875
1 0.478125 0.365625 0.1109375 0.20234375
