1 0.3921875 0.16953125 0.03515625 0.08828125
0 0.565625 0.1984375 0.04609375 0.08515625
1 0.3328125 0.559375 0.11328125 0.1890625
1 0.6515625 0.20625 0.05859375 0.09375
1 0.84140625 0.30859375 0.0515625 0.08984375
1 0.375 0.2640625 0.06328125 0.12421875
1 0.48984375 0.5421875 0.0921875 0.2046875
1 0.0875 0.5171875 0.06875 0.18828125
1 0.6984375 0.440625 0.08359375 0.096875
1 0.2484375 0.36953125 0.078125 0.1765625
1 0.9421875 0.54453125 0.08046875 0.12890625
0 0.775 0.29296875 0.05234375 0.09921875
1 0.1875 0.57421875 0.08984375 0.16015625
1 0.63203125 0.14140625 0.04375 0.08515625
1 0.45234375 0.16015625 0.04921875 0.121875
1 0.61484375 0.415625 0.07578125 0.13828125
1 0.5734375 0.140625 0.04609375 0.08828125
0 0.88125 0.38046875 0.05078125 0.13359375
1 0.71875 0.2234375 0.03984375 0.121875
1 0.8125 0.37890625 0.0703125 0.1546875
0 0.31953125 0.15078125 0.0484375 0.1
1 0.471875 0.39609375 0.075 0.11484375
1 0.3640625 0.38203125 0.08828125 0.16875
0 0.7921875 0.215625 0.053125 0.09609375
