0 0.5640625 0.2109375 0.05234375 0.08046875
1 0.9375 0.52890625 0.0734375 0.146875
1 0.3625 0.38671875 0.08828125 0.16484375
1 0.3328125 0.56484375 0.11484375 0.19609375
1 0.65 0.20859375 0.06171875 0.0953125
1 0.796875 0.23203125 0.05078125 0.075
1 0.18671875 0.59453125 0.1 0.12109375
1 0.7328125 0.23671875 0.06640625 0.090625
1 0.4515625 0.15625 0.05234375 0.1140625
1 0.8375 0.31015625 0.0578125 0.08515625
1 0.31796875 0.153125 0.04609375 0.10390625
1 0.6171875 0.41640625 0.07734375 0.13671875
0 0.63671875 0.14140625 0.03671875 0.08125
1 0.5734375 0.14453125 0.05078125 0.08828125
1 0.24375 0.37109375 0.0703125 0.17578125
0 0.8828125 0.3921875 0.06015625 0.12578125
1 0.69921875 0.44375 0.08515625 0.10546875
1 0.48046875 0.3734375 0.06796875 0.12421875
1 0.4890625 0.54296875 0.09609375 0.203125
1 0.3796875 0.26640625 0.07265625 0.11875
1 0.096875 0.50703125 0.0546875 0.21640625
1 0.39296875 0.165625 0.04609375 0.08984375
1 0.77578125 0.30546875 0.05859375 0.09296875
1 0.8109375 0.3828125 0.06640625 0.153125
