0 0.56328125 0.20859375 0.05234375 0.08203125
1 0.65078125 0.20703125 0.06015625 0.09453125
1 0.24765625 0.37109375 0.0765625 0.16328125
1 0.7296875 0.2390625 0.0609375 0.0890625
1 0.79765625 0.23046875 0.05078125 0.0796875
1 0.33203125 0.55859375 0.11640625 0.19375
0 0.63125 0.1390625 0.0484375 0.09296875
1 0.09453125 0.503125 0.06328125 0.221875
1 0.4515625 0.15625 0.05234375 0.11796875
1 0.83984375 0.31328125 0.05546875 0.075
1 0.615625 0.41875 0.07734375 0.1515625
1 0.70390625 0.43828125 0.08125 0.10078125
0 0.571875 0.14375 0.04765625 0.08671875
1 0.36328125 0.384375 0.08828125 0.1703125
1 0.93828125 0.52265625 0.0765625 0.1765625
1 0.2 0.5265625 0.075 0.18984375
1 0.39140625 0.1640625 0.0390625 0.08671875
0 0.31796875 0.153125 0.04453125 0.10390625
1 0.884375 0.403125 0.0578125 0.1109375
1 0.48828125 0.54375 0.09765625 0.2015625
1 0.4796875 0.37109375 0.0671875 0.13125
1 0.375 0.2765625 0.08046875 0.103125
1 0.775 0.2890625 0.04921875 0.109375
1 0.81328125 0.38046875 0.06640625 0.1671875
