0 0.57109375 0.20390625 0.05078125 0.0765625
0 0.2046875 0.54609375 0.0703125 0.16640625
1 0.33359375 0.5890625 0.1296875 0.11875
1 0.70625 0.44921875 0.07578125 0.09375
1 0.6203125 0.4171875 0.08828125 0.125
1 0.8109375 0.39453125 0.0609375 0.11015625
1 0.49296875 0.53125 0.08828125 0.203125
1 0.8 0.23203125 0.04765625 0.08125
1 0.45 0.15703125 0.0546875 0.10703125
1 0.56796875 0.1484375 0.05546875 0.08359375
1 0.65078125 0.20703125 0.05859375 0.090625
1 0.8796875 0.39296875 0.06015625 0.103125
1 0.8390625 0.30859375 0.0578125 0.0859375
1 0.36484375 0.38515625 0.08671875 0.1609375
1 0.9421875 0.5515625 0.0828125 0.1234375
0 0.09296875 0.51171875 0.05859375 0.228125
1 0.75859375 0.28125 0.04765625 0.11171875
0 0.63046875 0.14375 0.03984375 0.078125
1 0.38828125 0.17890625 0.04296875 0.09375
0 0.4828125 0.3515625 0.06171875 0.16015625
0 0.71796875 0.22109375 0.03828125 0.121875
0 0.37734375 0.278125 0.04921875 0.08828125
1 0.24140625 0.39765625 0.075 0.1640625
1 0.3234375 0.15859375 0.04609375 0.16796875
