0 0.56640625 0.19921875 0.04609375 0.084375
1 0.6984375 0.44296875 0.08671875 0.09375
1 0.79921875 0.23203125 0.04375 0.07578125
1 0.3765625 0.26171875 0.07265625 0.128125
0 0.0859375 0.51640625 0.06484375 0.18671875
1 0.1890625 0.59765625 0.09921875 0.1453125
1 0.65 0.20625 0.05625 0.08984375
0 0.8828125 0.39453125 0.05859375 0.1234375
1 0.83984375 0.30625 0.05234375 0.0859375
0 0.24765625 0.36640625 0.075 0.18125
0 0.63203125 0.14296875 0.04140625 0.08828125
0 0.3203125 0.14921875 0.0484375 0.09921875
1 0.71953125 0.2265625 0.0390625 0.1265625
1 0.57265625 0.14296875 0.04765625 0.08203125
1 0.453125 0.15703125 0.0484375 0.11484375
1 0.94296875 0.54296875 0.0828125 0.1265625
0 0.4890625 0.53828125 0.09609375 0.20859375
1 0.61484375 0.41875 0.075 0.13671875
1 0.33046875 0.56171875 0.1125 0.20703125
1 0.365625 0.3796875 0.10703125 0.184375
0 0.4671875 0.3484375 0.0875 0.1765625
1 0.39375 0.1578125 0.071875 0.11484375
1 0.77734375 0.2859375 0.0546875 0.1125
1 0.81484375 0.37734375 0.06484375 0.1515625
