0 0.2046875 0.53828125 0.06953125 0.16171875
1 0.70390625 0.4390625 0.08203125 0.09609375
0 0.9390625 0.51875 0.06953125 0.165625
0 0.4890625 0.53046875 0.09609375 0.2015625
1 0.65078125 0.20625 0.0578125 0.09140625
1 0.7984375 0.23125 0.0453125 0.0734375
1 0.45234375 0.165625 0.04921875 0.0953125
1 0.478125 0.36640625 0.0796875 0.14609375
0 0.3640625 0.36953125 0.08046875 0.19140625
0 0.08828125 0.5015625 0.08515625 0.225
1 0.33203125 0.56015625 0.11796875 0.1890625
1 0.8421875 0.31328125 0.05078125 0.0734375
1 0.2453125 0.37109375 0.07109375 0.1796875
0 0.390625 0.178125 0.04140625 0.09609375
0 0.5640625 0.14453125 0.04921875 0.09140625
0 0.6125 0.4140625 0.07421875 0.0984375
0 0.73203125 0.2265625 0.06015625 0.1046875
1 0.88203125 0.42421875 0.05625 0.146875
0 0.5703125 0.19140625 0.05078125 0.1015625
0 0.31953125 0.14375 0.04921875 0.090625
0 0.62890625 0.14375 0.04375 0.08125
0 0.375 0.2625 0.09375 0.125
0 0.76875 0.284375 0.071875 0.12734375
1 0.82109375 0.38125 0.06875 0.16875
