0 0.20390625 0.54921875 0.07109375 0.16953125
0 0.48046875 0.37890625 0.09140625 0.15078125
1 0.7984375 0.23203125 0.0484375 0.08359375
1 0.70546875 0.44765625 0.07265625 0.09375
1 0.6515625 0.20546875 0.06015625 0.09296875
0 0.57109375 0.20703125 0.04921875 0.06640625
1 0.334375 0.58515625 0.12421875 0.11875
1 0.3625 0.38125 0.08828125 0.18203125
1 0.83828125 0.3015625 0.0546875 0.10078125
1 0.6203125 0.41171875 0.084375 0.14453125
1 0.88203125 0.38828125 0.0609375 0.1046875
0 0.3921875 0.175 0.05625 0.0953125
1 0.62890625 0.15859375 0.04765625 0.06953125
1 0.9390625 0.53046875 0.0765625 0.1703125
1 0.565625 0.14453125 0.05078125 0.09921875
1 0.23984375 0.39609375 0.07578125 0.17578125
1 0.75859375 0.2734375 0.04609375 0.0984375
1 0.31640625 0.14921875 0.06015625 0.12890625
0 0.71875 0.22265625 0.03828125 0.11953125
0 0.45390625 0.159375 0.05546875 0.1109375
0 0.09609375 0.503125 0.059375 0.2296875
0 0.48984375 0.53125 0.11953125 0.21796875
1 0.37421875 0.24609375 0.07734375 0.1203125
1 0.80859375 0.38359375 0.07578125 0.1359375
