1 0.33203125 0.565625 0.11796875 0.1859375
1 0.49296875 0.53671875 0.08984375 0.1984375
1 0.2375 0.39140625 0.07578125 0.18125
1 0.70234375 0.43359375 0.09453125 0.09140625
1 0.6515625 0.20859375 0.06015625 0.09375
1 0.36328125 0.38359375 0.0875 0.1765625
1 0.83828125 0.2984375 0.05546875 0.09609375
0 0.5734375 0.13828125 0.0390625 0.08515625
1 0.79921875 0.23046875 0.04375 0.07421875
0 0.5640625 0.19375 0.0484375 0.0984375
1 0.81015625 0.38828125 0.0625 0.13046875
1 0.94375 0.55703125 0.0890625 0.10390625
1 0.4828125 0.37421875 0.0828125 0.13828125
0 0.09375 0.49921875 0.05703125 0.21171875
1 0.6109375 0.41484375 0.07109375 0.1390625
1 0.88203125 0.3984375 0.05859375 0.10390625
0 0.4546875 0.15625 0.05234375 0.1140625
1 0.3921875 0.18203125 0.03984375 0.09609375
1 0.73203125 0.23203125 0.0640625 0.10390625
1 0.1875 0.57578125 0.10703125 0.17421875
0 0.63046875 0.14765625 0.04921875 0.08203125
0 0.32109375 0.1515625 0.04921875 0.10078125
1 0.77890625 0.28984375 0.0734375 0.11484375
