0 0.2046875 0.5390625 0.06953125 0.16328125
0 0.9328125 0.528125 0.071875 0.16328125
1 0.703125 0.43828125 0.08203125 0.0953125
1 0.61171875 0.4140625 0.07265625 0.1015625
0 0.48984375 0.53203125 0.09453125 0.2015625
0 0.47890625 0.36015625 0.08125 0.15
1 0.7984375 0.23125 0.0453125 0.075
0 0.0890625 0.49765625 0.08046875 0.2359375
1 0.2453125 0.3734375 0.07109375 0.17578125
0 0.37109375 0.3609375 0.090625 0.19375
1 0.45234375 0.15859375 0.05 0.10859375
1 0.84140625 0.31328125 0.05234375 0.0734375
0 0.39296875 0.17890625 0.03671875 0.0953125
0 0.5640625 0.14453125 0.05078125 0.0953125
0 0.73203125 0.22421875 0.05859375 0.09921875
0 0.63203125 0.14375 0.04140625 0.0796875
1 0.88203125 0.42265625 0.05625 0.14375
1 0.33203125 0.5609375 0.11640625 0.19375
0 0.56953125 0.19453125 0.04921875 0.09921875
0 0.65078125 0.20703125 0.05859375 0.090625
0 0.31953125 0.14609375 0.04921875 0.09453125
0 0.37265625 0.25390625 0.10390625 0.103125
0 0.77265625 0.290625 0.0671875 0.11640625
1 0.8140625 0.3875 0.08125 0.14765625
