0 0.56640625 0.19921875 0.04609375 0.08203125
0 0.2421875 0.40625 0.07578125 0.16171875
0 0.4890625 0.53359375 0.09296875 0.20078125
0 0.084375 0.515625 0.0640625 0.19140625
1 0.8828125 0.39296875 0.05703125 0.1140625
0 0.32265625 0.53515625 0.075 0.240625
1 0.39609375 0.17421875 0.03359375 0.08984375
1 0.8421875 0.30625 0.04921875 0.08828125
1 0.571875 0.1390625 0.04375 0.08671875
1 0.31953125 0.15 0.0484375 0.1
0 0.7171875 0.221875 0.03671875 0.125
1 0.8015625 0.23203125 0.03828125 0.06875
1 0.61328125 0.4140625 0.07734375 0.13515625
1 0.70078125 0.43203125 0.0890625 0.121875
0 0.4765625 0.36640625 0.06875 0.13671875
1 0.94296875 0.54453125 0.08203125 0.1265625
0 0.19453125 0.55703125 0.07734375 0.14609375
0 0.4515625 0.15546875 0.05 0.121875
1 0.64765625 0.2015625 0.05390625 0.084375
1 0.36171875 0.38046875 0.09140625 0.17421875
1 0.76953125 0.28203125 0.05625 0.11484375
0 0.3828125 0.2484375 0.07578125 0.11953125
1 0.6359375 0.15078125 0.06875 0.0921875
1 0.8140625 0.37109375 0.07890625 0.1671875
