0 0.20390625 0.54609375 0.06953125 0.16875
0 0.3734375 0.26640625 0.0640625 0.1203125
1 0.3328125 0.584375 0.12890625 0.1203125
1 0.7046875 0.44765625 0.07109375 0.09375
0 0.4890625 0.5359375 0.09765625 0.196875
1 0.6328125 0.14375 0.04765625 0.08671875
1 0.84375 0.30703125 0.05 0.090625
1 0.6484375 0.20546875 0.05234375 0.09609375
1 0.62265625 0.415625 0.08515625 0.134375
1 0.240625 0.3984375 0.07109375 0.1703125
1 0.884375 0.3890625 0.06328125 0.1015625
0 0.4546875 0.16171875 0.05390625 0.1
1 0.94296875 0.55546875 0.08203125 0.1296875
0 0.809375 0.24140625 0.03984375 0.06875
0 0.5625 0.14375 0.05 0.08359375
1 0.3828125 0.18828125 0.04140625 0.0765625
1 0.76015625 0.2765625 0.04921875 0.1109375
0 0.57578125 0.190625 0.0390625 0.103125
1 0.3625 0.38515625 0.08828125 0.18359375
1 0.3203125 0.15546875 0.0515625 0.14609375
1 0.71953125 0.21953125 0.04140625 0.125
1 0.4828125 0.3859375 0.103125 0.12578125
1 0.81171875 0.38125 0.07109375 0.15
1 0.0953125 0.50859375 0.05546875 0.24140625
