1 0.2375 0.40390625 0.08046875 0.153125
1 0.79765625 0.22890625 0.046875 0.075
1 0.6515625 0.20703125 0.06171875 0.09609375
1 0.33125 0.58046875 0.11875 0.1609375
1 0.48125 0.37578125 0.07421875 0.14453125
1 0.6953125 0.41640625 0.0828125 0.1515625
0 0.3609375 0.378125 0.0828125 0.18125
1 0.93671875 0.52578125 0.0765625 0.15390625
1 0.4921875 0.5359375 0.08984375 0.196875
0 0.38125 0.240625 0.06328125 0.13046875
1 0.88125 0.390625 0.05390625 0.11953125
0 0.76796875 0.29140625 0.05390625 0.0984375
1 0.73203125 0.23203125 0.0640625 0.09609375
1 0.84140625 0.30703125 0.046875 0.08671875
1 0.1921875 0.57109375 0.10078125 0.1890625
0 0.09375 0.4890625 0.0546875 0.2
1 0.4546875 0.1609375 0.053125 0.10625
0 0.56640625 0.19453125 0.04453125 0.09921875
1 0.615625 0.40703125 0.06328125 0.16640625
0 0.81015625 0.36171875 0.05859375 0.15546875
0 0.3203125 0.165625 0.05234375 0.13203125
0 0.39375 0.1765625 0.03671875 0.08828125
0 0.63203125 0.14453125 0.0453125 0.08046875
0 0.57265625 0.12734375 0.059375 0.10546875
