0 0.5703125 0.19453125 0.05234375 0.08984375
0 0.2046875 0.5484375 0.07109375 0.1703125
0 0.478125 0.378125 0.08671875 0.14609375
0 0.4890625 0.53359375 0.09609375 0.203125
1 0.6515625 0.20625 0.05859375 0.09375
1 0.3328125 0.584375 0.1296875 0.1203125
1 0.7046875 0.44765625 0.07265625 0.09375
1 0.8453125 0.31640625 0.04765625 0.08359375
1 0.4515625 0.165625 0.05703125 0.096875
1 0.38671875 0.18203125 0.04296875 0.0953125
1 0.8828125 0.38125 0.0546875 0.1140625
1 0.9390625 0.528125 0.07578125 0.15703125
0 0.36328125 0.38203125 0.08828125 0.18515625
1 0.621875 0.41953125 0.08984375 0.1234375
0 0.6296875 0.14453125 0.04609375 0.08984375
0 0.8078125 0.24140625 0.04140625 0.0703125
1 0.76171875 0.2765625 0.04921875 0.10625
0 0.32109375 0.1484375 0.05078125 0.121875
1 0.71953125 0.22265625 0.03984375 0.11953125
1 0.2375 0.39140625 0.08203125 0.18359375
1 0.80859375 0.43671875 0.06328125 0.23671875
1 0.09609375 0.50859375 0.0578125 0.22109375
1 0.37578125 0.26875 0.0734375 0.15234375
0 0.5515625 0.14921875 0.08046875 0.11171875
