1 0.65078125 0.20703125 0.05859375 0.09453125
0 0.49296875 0.5390625 0.0890625 0.1984375
1 0.190625 0.58359375 0.0984375 0.14921875
0 0.45625 0.16015625 0.0515625 0.10625
1 0.4828125 0.37421875 0.07421875 0.1453125
1 0.79921875 0.22890625 0.04296875 0.08046875
1 0.8109375 0.38984375 0.06484375 0.1296875
1 0.23359375 0.38671875 0.08359375 0.18671875
1 0.88125 0.39453125 0.0546875 0.11015625
0 0.32734375 0.58203125 0.11484375 0.18515625
0 0.39140625 0.178125 0.0390625 0.09296875
1 0.70390625 0.453125 0.07734375 0.0984375
1 0.3640625 0.38125 0.08671875 0.17578125
0 0.56640625 0.20390625 0.04453125 0.096875
1 0.615625 0.41953125 0.07265625 0.14921875
0 0.93671875 0.51875 0.0703125 0.16875
0 0.575 0.14453125 0.05625 0.096875
0 0.63203125 0.1484375 0.04453125 0.078125
1 0.096875 0.4984375 0.0484375 0.23671875
0 0.3203125 0.14609375 0.0484375 0.0890625
0 0.37734375 0.25078125 0.05703125 0.1203125
0 0.775 0.290625 0.0578125 0.115625
1 0.7390625 0.22734375 0.0609375 0.10078125
1 0.8390625 0.290625 0.0578125 0.09765625
