0 0.565625 0.19921875 0.04609375 0.0859375
1 0.39140625 0.17109375 0.03984375 0.08671875
1 0.32890625 0.56328125 0.1140625 0.1859375
1 0.65078125 0.20625 0.0578125 0.096875
1 0.37578125 0.26171875 0.0640625 0.11875
1 0.840625 0.30703125 0.0515625 0.0890625
1 0.24921875 0.36796875 0.08671875 0.184375
1 0.48984375 0.54375 0.09375 0.2015625
0 0.08515625 0.51328125 0.06640625 0.1859375
1 0.6140625 0.41640625 0.07578125 0.1390625
0 0.88125 0.3859375 0.05078125 0.134375
0 0.63203125 0.14296875 0.04921875 0.084375
1 0.9421875 0.54375 0.07890625 0.128125
1 0.1890625 0.56953125 0.0890625 0.15625
1 0.7984375 0.2234375 0.0453125 0.08125
1 0.71796875 0.221875 0.03984375 0.125
1 0.70078125 0.440625 0.0890625 0.11015625
0 0.775 0.29140625 0.05390625 0.1015625
1 0.45390625 0.15703125 0.05 0.12421875
1 0.5734375 0.1390625 0.04453125 0.0890625
1 0.36328125 0.38203125 0.0890625 0.1703125
1 0.471875 0.4046875 0.0890625 0.140625
0 0.31796875 0.1609375 0.06328125 0.14375
0 0.81328125 0.38125 0.075 0.16328125
