0 0.20390625 0.54296875 0.06953125 0.16953125
0 0.240625 0.390625 0.07109375 0.1796875
1 0.48046875 0.38125 0.08984375 0.146875
1 0.84453125 0.3109375 0.05078125 0.09375
1 0.7046875 0.44765625 0.07265625 0.09375
1 0.6484375 0.20390625 0.0546875 0.0953125
1 0.4890625 0.54296875 0.09609375 0.203125
1 0.5734375 0.14453125 0.0453125 0.09140625
1 0.62109375 0.41640625 0.08984375 0.12578125
1 0.3875 0.190625 0.04921875 0.07109375
0 0.3734375 0.26796875 0.0640625 0.115625
0 0.4546875 0.16015625 0.05078125 0.10703125
1 0.5640625 0.19921875 0.04609375 0.10625
1 0.94296875 0.55625 0.08203125 0.134375
0 0.80859375 0.23359375 0.04453125 0.0734375
1 0.0953125 0.50625 0.0546875 0.2359375
1 0.765625 0.290625 0.05390625 0.1234375
0 0.63203125 0.14453125 0.04296875 0.08046875
0 0.88359375 0.39375 0.05859375 0.1296875
1 0.71953125 0.22421875 0.0390625 0.12890625
0 0.33359375 0.57109375 0.13203125 0.13125
0 0.36171875 0.38359375 0.121875 0.20078125
1 0.3171875 0.13125 0.07109375 0.121875
1 0.8109375 0.3828125 0.07578125 0.1625
