0 0.2046875 0.5390625 0.06796875 0.1609375
0 0.37421875 0.2640625 0.06875 0.11875
0 0.453125 0.16171875 0.0546875 0.1015625
1 0.61328125 0.41328125 0.0703125 0.103125
0 0.48203125 0.36953125 0.08203125 0.17890625
0 0.65390625 0.20390625 0.05234375 0.08828125
1 0.796875 0.23046875 0.04609375 0.071875
1 0.6953125 0.44375 0.08359375 0.0890625
1 0.73125 0.23359375 0.0625 0.09921875
1 0.84140625 0.31171875 0.05390625 0.07421875
1 0.3609375 0.38515625 0.08984375 0.1609375
0 0.31953125 0.14765625 0.05 0.096875
0 0.57109375 0.13671875 0.0546875 0.0890625
0 0.09609375 0.50703125 0.06875 0.23359375
0 0.32734375 0.58671875 0.11328125 0.19453125
0 0.24609375 0.371875 0.06875 0.1859375
1 0.88203125 0.39921875 0.05859375 0.11171875
0 0.56796875 0.19609375 0.03984375 0.090625
1 0.38828125 0.1765625 0.04921875 0.09375
1 0.8125 0.44140625 0.06328125 0.24453125
0 0.62890625 0.1390625 0.04609375 0.08125
0 0.9359375 0.521875 0.071875 0.16640625
0 0.48046875 0.51796875 0.13828125 0.23828125
1 0.771875 0.27578125 0.071875 0.1328125
