1 0.70078125 0.44921875 0.08671875 0.09375
0 0.37421875 0.2640625 0.06640625 0.11875
0 0.20546875 0.54140625 0.07109375 0.16328125
1 0.9375 0.53046875 0.0703125 0.1484375
0 0.23828125 0.39921875 0.07734375 0.14140625
0 0.63203125 0.153125 0.04609375 0.078125
0 0.8328125 0.29921875 0.04765625 0.09921875
0 0.4765625 0.3765625 0.0734375 0.1265625
1 0.81015625 0.39296875 0.06328125 0.1234375
1 0.65 0.20625 0.05703125 0.09140625
1 0.61328125 0.41640625 0.075 0.09609375
1 0.33125 0.56796875 0.125 0.1765625
1 0.79921875 0.23046875 0.04609375 0.06328125
1 0.078125 0.53125 0.07890625 0.1765625
0 0.77421875 0.28828125 0.06328125 0.10078125
1 0.5734375 0.15859375 0.05390625 0.08359375
1 0.3953125 0.16796875 0.03828125 0.09140625
1 0.4515625 0.15859375 0.0515625 0.1140625
1 0.36171875 0.38359375 0.08828125 0.1734375
0 0.88046875 0.39140625 0.05390625 0.121875
0 0.31953125 0.14453125 0.0484375 0.10859375
1 0.49140625 0.5609375 0.134375 0.22265625
1 0.7265625 0.22109375 0.05234375 0.09375
0 0.56796875 0.2171875 0.06796875 0.08984375
