0 0.56328125 0.20390625 0.04765625 0.0765625
1 0.7 0.44921875 0.0859375 0.09375
0 0.48828125 0.35390625 0.075 0.14375
0 0.24140625 0.3984375 0.07265625 0.13125
0 0.48984375 0.540625 0.08984375 0.1953125
1 0.646875 0.20390625 0.05546875 0.096875
1 0.7984375 0.23203125 0.04453125 0.07578125
0 0.3734375 0.25703125 0.06640625 0.13125
1 0.81015625 0.38671875 0.0625 0.13671875
1 0.45078125 0.15703125 0.0515625 0.1109375
1 0.6140625 0.415625 0.07734375 0.0953125
1 0.36171875 0.38515625 0.08828125 0.1703125
0 0.334375 0.565625 0.11796875 0.196875
1 0.56875 0.1359375 0.04765625 0.0953125
0 0.0796875 0.49921875 0.06953125 0.2046875
0 0.88046875 0.38671875 0.05546875 0.12578125
1 0.3203125 0.14140625 0.04609375 0.11328125
1 0.94140625 0.5484375 0.08359375 0.13359375
0 0.71875 0.22421875 0.0375 0.12109375
1 0.18984375 0.5859375 0.09140625 0.15859375
1 0.62890625 0.14296875 0.04453125 0.09375
0 0.77578125 0.29140625 0.05390625 0.0984375
1 0.3953125 0.171875 0.0375 0.0953125
0 0.83984375 0.2953125 0.07109375 0.09921875
