0 0.2046875 0.553125 0.07421875 0.18671875
1 0.70234375 0.44765625 0.09140625 0.10625
0 0.29765625 0.178125 0.0640625 0.10546875
1 0.33125 0.578125 0.1125 0.11640625
1 0.36015625 0.38828125 0.09140625 0.175
1 0.45234375 0.15546875 0.05625 0.1109375
1 0.65 0.20625 0.0625 0.10078125
0 0.49375 0.50703125 0.08828125 0.23125
1 0.23359375 0.39921875 0.08046875 0.15625
1 0.38828125 0.18671875 0.05546875 0.06640625
1 0.6125 0.4140625 0.07421875 0.1
1 0.73046875 0.23671875 0.06015625 0.09296875
0 0.10625 0.56953125 0.06328125 0.26953125
0 0.3765625 0.265625 0.06328125 0.1140625
1 0.79765625 0.23046875 0.04921875 0.06875
1 0.88203125 0.39765625 0.0578125 0.10859375
0 0.6234375 0.153125 0.04296875 0.08671875
0 0.5640625 0.18515625 0.05078125 0.11484375
0 0.7859375 0.29375 0.0578125 0.08671875
1 0.9421875 0.559375 0.08203125 0.140625
1 0.5703125 0.15625 0.05078125 0.0734375
0 0.48046875 0.353125 0.09921875 0.1578125
0 0.81328125 0.340625 0.05859375 0.1109375
1 0.84921875 0.29453125 0.05 0.11640625
