0 0.2046875 0.53828125 0.06796875 0.16015625
1 0.325 0.55703125 0.10390625 0.2109375
0 0.4546875 0.16328125 0.05078125 0.10078125
0 0.4828125 0.37265625 0.0765625 0.1859375
1 0.703125 0.440625 0.08203125 0.096875
1 0.61328125 0.4140625 0.07265625 0.1015625
1 0.79765625 0.23125 0.0453125 0.0734375
1 0.2453125 0.37265625 0.07265625 0.18046875
0 0.31953125 0.146875 0.04921875 0.0953125
0 0.5734375 0.13984375 0.0515625 0.090625
0 0.6515625 0.20390625 0.05234375 0.08828125
1 0.84140625 0.31328125 0.05234375 0.0734375
0 0.0921875 0.50859375 0.0765625 0.234375
1 0.88203125 0.39609375 0.05625 0.11328125
1 0.73125 0.23046875 0.0609375 0.1
0 0.9328125 0.5234375 0.07109375 0.171875
1 0.39453125 0.1765625 0.03671875 0.09375
0 0.3625 0.38125 0.0875 0.175
0 0.5703125 0.19375 0.04609375 0.1
1 0.37421875 0.26328125 0.06796875 0.12109375
0 0.6296875 0.14296875 0.04296875 0.075
1 0.81171875 0.43359375 0.0640625 0.22890625
0 0.4890625 0.540625 0.1296875 0.21796875
1 0.77421875 0.290625 0.06953125 0.134375
