0 0.20390625 0.54375 0.07109375 0.15546875
0 0.5625 0.19609375 0.04765625 0.09296875
1 0.77578125 0.29453125 0.05703125 0.10078125
1 0.7015625 0.44921875 0.08359375 0.09375
1 0.63125 0.14921875 0.04921875 0.08984375
1 0.65 0.20546875 0.05703125 0.09296875
0 0.3609375 0.38671875 0.08671875 0.14609375
1 0.6140625 0.41640625 0.07578125 0.09609375
0 0.2375 0.38046875 0.0734375 0.1390625
1 0.83828125 0.30859375 0.05859375 0.09140625
1 0.7984375 0.23125 0.0453125 0.075
1 0.88359375 0.39453125 0.05703125 0.1140625
1 0.45078125 0.15859375 0.0515625 0.115625
0 0.07890625 0.51328125 0.08125 0.2046875
0 0.37421875 0.265625 0.06640625 0.11953125
1 0.56796875 0.1421875 0.0515625 0.084375
0 0.33359375 0.55234375 0.11640625 0.2046875
1 0.4765625 0.40546875 0.0875 0.128125
1 0.9421875 0.54140625 0.0828125 0.13359375
0 0.49375 0.5484375 0.08671875 0.1609375
1 0.821875 0.38359375 0.07734375 0.14140625
0 0.31953125 0.14453125 0.04921875 0.11796875
0 0.71796875 0.22578125 0.0375 0.121875
0 0.38984375 0.16875 0.0640625 0.11796875
