1 0.23828125 0.40078125 0.07265625 0.16484375
1 0.70625 0.44921875 0.07578125 0.09375
0 0.20390625 0.54765625 0.06953125 0.165625
1 0.81015625 0.39609375 0.05859375 0.10703125
1 0.49140625 0.53125 0.08828125 0.2046875
1 0.334375 0.5890625 0.1265625 0.11875
1 0.79921875 0.23046875 0.04921875 0.0796875
1 0.6203125 0.41640625 0.08828125 0.12421875
1 0.36484375 0.38515625 0.08671875 0.1609375
1 0.65078125 0.20703125 0.0578125 0.090625
0 0.56953125 0.20390625 0.04921875 0.0734375
1 0.45078125 0.15625 0.05390625 0.10859375
1 0.8390625 0.31171875 0.05859375 0.08671875
1 0.5640625 0.15078125 0.05390625 0.08671875
1 0.38671875 0.17890625 0.04609375 0.08984375
1 0.8796875 0.39140625 0.059375 0.10390625
0 0.93984375 0.53125 0.08046875 0.15625
1 0.7578125 0.28671875 0.04765625 0.128125
0 0.37734375 0.27890625 0.046875 0.08828125
1 0.09453125 0.50703125 0.05546875 0.22578125
0 0.6296875 0.14453125 0.04296875 0.08046875
0 0.4828125 0.353125 0.06171875 0.159375
0 0.71796875 0.22265625 0.03828125 0.11953125
1 0.3234375 0.15390625 0.046875 0.15625
