0 0.56171875 0.203125 0.04921875 0.0984375
0 0.20390625 0.53671875 0.07109375 0.16328125
1 0.64921875 0.20703125 0.05859375 0.09453125
1 0.33125 0.55859375 0.11640625 0.18828125
1 0.9375 0.5359375 0.07578125 0.1453125
1 0.79765625 0.23125 0.04921875 0.075
0 0.3890625 0.190625 0.04765625 0.06953125
0 0.37578125 0.26171875 0.06328125 0.1203125
1 0.36171875 0.3890625 0.08203125 0.159375
1 0.4515625 0.15546875 0.0515625 0.11328125
1 0.571875 0.146875 0.04375 0.0859375
1 0.7328125 0.23671875 0.06640625 0.09296875
0 0.6296875 0.13828125 0.05078125 0.08984375
1 0.84140625 0.31171875 0.05625 0.07578125
1 0.61484375 0.41953125 0.078125 0.14140625
1 0.7046875 0.43828125 0.08203125 0.09921875
1 0.88203125 0.39296875 0.0578125 0.125
0 0.77890625 0.30078125 0.053125 0.08671875
0 0.484375 0.35703125 0.06484375 0.14296875
1 0.24765625 0.37421875 0.07265625 0.18046875
1 0.32421875 0.14296875 0.04765625 0.1265625
1 0.48828125 0.54765625 0.09765625 0.1953125
1 0.0953125 0.50546875 0.06328125 0.228125
1 0.8125 0.37421875 0.06484375 0.13984375
