0 0.2046875 0.5484375 0.0703125 0.1703125
1 0.33359375 0.58515625 0.13046875 0.1203125
0 0.240625 0.39453125 0.07265625 0.17109375
1 0.70546875 0.44765625 0.0734375 0.09375
0 0.4890625 0.53515625 0.09765625 0.1984375
1 0.84140625 0.30859375 0.0546875 0.09140625
0 0.63125 0.14453125 0.04765625 0.08828125
1 0.93828125 0.52578125 0.07265625 0.159375
1 0.62109375 0.415625 0.08828125 0.13203125
1 0.3890625 0.178125 0.04375 0.09453125
1 0.88515625 0.38828125 0.06328125 0.10078125
1 0.6515625 0.20703125 0.0609375 0.0984375
0 0.4515625 0.1640625 0.0578125 0.1
1 0.48125 0.38515625 0.09296875 0.13125
1 0.8078125 0.24140625 0.0421875 0.0703125
1 0.71875 0.22109375 0.04140625 0.12421875
1 0.3625 0.38359375 0.08828125 0.184375
0 0.56953125 0.18828125 0.04921875 0.10625
1 0.0953125 0.503125 0.0546875 0.22578125
1 0.3734375 0.265625 0.06484375 0.11953125
1 0.81015625 0.38203125 0.0609375 0.12578125
1 0.76015625 0.28828125 0.04765625 0.13203125
0 0.31953125 0.15546875 0.05234375 0.1390625
0 0.5671875 0.13984375 0.06171875 0.0890625
