0 0.575 0.19375 0.04453125 0.0984375
1 0.6984375 0.44296875 0.08359375 0.096875
0 0.48359375 0.353125 0.065625 0.14609375
0 0.3609375 0.3765625 0.08359375 0.15078125
0 0.63125 0.15078125 0.0375 0.08671875
0 0.4515625 0.15390625 0.05078125 0.12109375
0 0.4921875 0.54140625 0.08359375 0.20546875
0 0.37578125 0.26328125 0.06484375 0.1234375
0 0.3359375 0.54609375 0.11796875 0.1796875
1 0.56875 0.14609375 0.05 0.08359375
1 0.315625 0.15390625 0.0484375 0.103125
1 0.65078125 0.20546875 0.06015625 0.09296875
1 0.6125 0.41640625 0.07421875 0.09609375
0 0.9375 0.52265625 0.06875 0.16796875
1 0.7984375 0.2296875 0.04453125 0.0796875
0 0.0890625 0.50625 0.07421875 0.21796875
1 0.83828125 0.30703125 0.05546875 0.08125
1 0.20078125 0.5296875 0.07421875 0.190625
1 0.8109375 0.39296875 0.0640625 0.1234375
1 0.88203125 0.39765625 0.0578125 0.11796875
0 0.71796875 0.22890625 0.03828125 0.13046875
1 0.23828125 0.38203125 0.06328125 0.15
0 0.39375 0.17109375 0.0578125 0.11875
1 0.77890625 0.284375 0.0609375 0.121875
