1 0.7 0.43671875 0.08828125 0.11640625
1 0.73203125 0.23203125 0.06484375 0.0984375
0 0.771875 0.29609375 0.06015625 0.09609375
1 0.79609375 0.22890625 0.04765625 0.0734375
1 0.6515625 0.20859375 0.0625 0.096875
1 0.48203125 0.37578125 0.0765625 0.14609375
1 0.9375 0.5234375 0.08046875 0.1609375
0 0.3625 0.37890625 0.0875 0.18828125
1 0.23828125 0.40546875 0.07734375 0.1515625
0 0.57265625 0.1984375 0.046875 0.090625
1 0.33125 0.58203125 0.11796875 0.15390625
1 0.8359375 0.309375 0.0578125 0.0890625
1 0.4921875 0.53359375 0.08984375 0.196875
1 0.88203125 0.39453125 0.05546875 0.11015625
0 0.4546875 0.16015625 0.05390625 0.10546875
1 0.1890625 0.55390625 0.08984375 0.16953125
0 0.38828125 0.175 0.04609375 0.0859375
0 0.3203125 0.165625 0.05234375 0.13046875
1 0.61796875 0.41015625 0.06171875 0.159375
0 0.0953125 0.49609375 0.05234375 0.21484375
0 0.5671875 0.14140625 0.04921875 0.09609375
0 0.634375 0.14375 0.04296875 0.08046875
0 0.3890625 0.2359375 0.09921875 0.12578125
0 0.81328125 0.365625 0.07421875 0.15625
