1 0.94453125 0.55703125 0.09296875 0.109375
0 0.77265625 0.29375 0.06328125 0.1015625
0 0.57109375 0.14609375 0.05078125 0.0890625
1 0.65078125 0.20625 0.0609375 0.09375
1 0.37421875 0.26171875 0.06796875 0.11875
1 0.79765625 0.23125 0.046875 0.0734375
1 0.696875 0.42421875 0.0859375 0.13828125
1 0.8828125 0.3984375 0.05703125 0.10390625
1 0.33203125 0.57421875 0.11640625 0.1859375
1 0.09140625 0.49921875 0.05703125 0.23203125
1 0.83828125 0.30859375 0.0546875 0.0859375
1 0.2390625 0.40390625 0.0796875 0.1453125
0 0.45390625 0.16875 0.05625 0.0890625
1 0.48359375 0.36953125 0.075 0.146875
0 0.56640625 0.1984375 0.04140625 0.0890625
0 0.63359375 0.14453125 0.04140625 0.07890625
1 0.4921875 0.5359375 0.090625 0.203125
1 0.3625 0.37890625 0.08671875 0.1765625
0 0.3203125 0.159375 0.04921875 0.12109375
1 0.6171875 0.40859375 0.059375 0.16953125
1 0.2 0.528125 0.0890625 0.20390625
1 0.3890625 0.1796875 0.059375 0.09921875
1 0.8125 0.38203125 0.0828125 0.1453125
1 0.73125 0.21953125 0.06484375 0.1046875
