0 0.57421875 0.20859375 0.05078125 0.0859375
1 0.7046875 0.446875 0.0734375 0.09375
1 0.61953125 0.41796875 0.09296875 0.1234375
1 0.2390625 0.39296875 0.07265625 0.184375
1 0.7984375 0.23125 0.0453125 0.075
1 0.65078125 0.20703125 0.06015625 0.09453125
0 0.4921875 0.5359375 0.08984375 0.20078125
1 0.8375 0.30390625 0.05703125 0.09375
1 0.33203125 0.5859375 0.10703125 0.165625
1 0.5703125 0.14296875 0.05546875 0.096875
1 0.375 0.26484375 0.06328125 0.1203125
0 0.62890625 0.1484375 0.04375 0.08125
0 0.72578125 0.22421875 0.05546875 0.1265625
1 0.88203125 0.39453125 0.05859375 0.11796875
0 0.45078125 0.16796875 0.05859375 0.09609375
1 0.19765625 0.5390625 0.08125 0.190625
0 0.946875 0.52578125 0.06953125 0.16328125
0 0.09609375 0.503125 0.05390625 0.221875
1 0.48046875 0.38125 0.08203125 0.13828125
1 0.38984375 0.17578125 0.03828125 0.09296875
0 0.3203125 0.16171875 0.05 0.121875
1 0.36015625 0.38203125 0.1109375 0.18828125
1 0.77734375 0.296875 0.06484375 0.10234375
1 0.81015625 0.37890625 0.07890625 0.1453125
