0 0.2046875 0.53984375 0.06953125 0.1609375
0 0.37421875 0.2640625 0.06640625 0.11875
0 0.5703125 0.20078125 0.05078125 0.08359375
1 0.79765625 0.23046875 0.04609375 0.071875
1 0.94453125 0.55625 0.09453125 0.10859375
1 0.8390625 0.30703125 0.05234375 0.08515625
0 0.3296875 0.57265625 0.1109375 0.203125
1 0.8828125 0.3984375 0.05703125 0.1015625
0 0.4546875 0.16796875 0.0546875 0.09140625
0 0.76796875 0.29609375 0.04921875 0.1
1 0.4828125 0.38046875 0.07578125 0.15703125
1 0.49296875 0.546875 0.08828125 0.1703125
0 0.63671875 0.14296875 0.03359375 0.075
0 0.57265625 0.140625 0.0484375 0.09140625
0 0.0953125 0.51328125 0.0625 0.21015625
1 0.2375 0.39140625 0.0796875 0.16484375
1 0.6953125 0.4109375 0.08203125 0.134375
0 0.6515625 0.203125 0.04765625 0.090625
1 0.73203125 0.228125 0.06171875 0.11484375
0 0.3203125 0.14921875 0.05 0.09921875
1 0.61875 0.41015625 0.05859375 0.16640625
1 0.39609375 0.1796875 0.05234375 0.1171875
1 0.81875 0.38671875 0.0671875 0.15234375
0 0.35859375 0.38671875 0.1109375 0.2046875
