0 0.20390625 0.54140625 0.06953125 0.17421875
0 0.80234375 0.228125 0.04453125 0.09296875
1 0.33125 0.5859375 0.12421875 0.11796875
1 0.84375 0.30390625 0.05 0.08828125
1 0.64921875 0.20390625 0.05390625 0.096875
1 0.70546875 0.44765625 0.075 0.09375
1 0.62109375 0.41796875 0.09140625 0.11796875
1 0.4921875 0.540625 0.09140625 0.19921875
1 0.88203125 0.39609375 0.06015625 0.12421875
1 0.3875 0.18359375 0.0484375 0.07890625
1 0.77421875 0.2890625 0.05546875 0.10390625
1 0.809375 0.390625 0.06171875 0.12890625
0 0.45234375 0.165625 0.05546875 0.10078125
1 0.3625 0.38203125 0.08828125 0.18359375
0 0.3203125 0.16328125 0.04921875 0.1234375
1 0.240625 0.39453125 0.07265625 0.1765625
0 0.56796875 0.14921875 0.06015625 0.08828125
1 0.94296875 0.55390625 0.08203125 0.13203125
1 0.5640625 0.1984375 0.05 0.090625
1 0.0953125 0.5109375 0.05703125 0.24140625
0 0.71875 0.22421875 0.0390625 0.125
0 0.37421875 0.26640625 0.06484375 0.11484375
1 0.63203125 0.14375 0.03984375 0.078125
1 0.48359375 0.39140625 0.1078125 0.10546875
