0 0.571875 0.2109375 0.05390625 0.0640625
1 0.23828125 0.3984375 0.07421875 0.1703125
0 0.20390625 0.54921875 0.071875 0.16953125
1 0.70625 0.4484375 0.07578125 0.09609375
1 0.33359375 0.58828125 0.1296875 0.11796875
1 0.65078125 0.20703125 0.05859375 0.090625
1 0.621875 0.41796875 0.08671875 0.12109375
1 0.79921875 0.23203125 0.04765625 0.08125
1 0.63125 0.14609375 0.04921875 0.08359375
1 0.49296875 0.51796875 0.08515625 0.24140625
1 0.83828125 0.30625 0.05625 0.0859375
1 0.56796875 0.146875 0.05546875 0.0859375
1 0.8109375 0.39453125 0.06015625 0.11015625
1 0.45078125 0.15703125 0.05546875 0.10703125
1 0.32265625 0.14375 0.04453125 0.1296875
1 0.3875 0.17890625 0.04296875 0.08984375
1 0.875 0.38828125 0.05 0.14140625
0 0.365625 0.26953125 0.05859375 0.10859375
1 0.9421875 0.54921875 0.084375 0.1234375
1 0.7578125 0.27890625 0.04765625 0.11015625
1 0.0953125 0.50859375 0.05390625 0.22890625
0 0.4765625 0.35546875 0.08359375 0.14296875
1 0.36640625 0.38515625 0.08359375 0.171875
0 0.71875 0.22265625 0.0390625 0.1234375
