0 0.2046875 0.5484375 0.07109375 0.16875
1 0.70546875 0.44921875 0.075 0.09140625
1 0.2390625 0.39375 0.075 0.18125
1 0.79921875 0.23203125 0.04921875 0.08125
1 0.45 0.15703125 0.0546875 0.10546875
1 0.33359375 0.58515625 0.125 0.11875
1 0.49375 0.53203125 0.08828125 0.20703125
1 0.65078125 0.20703125 0.05859375 0.090625
1 0.81015625 0.39453125 0.059375 0.11015625
0 0.56953125 0.20390625 0.04921875 0.075
1 0.8390625 0.30859375 0.0578125 0.0953125
1 0.6203125 0.41953125 0.08984375 0.11953125
1 0.38671875 0.18828125 0.04765625 0.075
1 0.9375 0.53359375 0.0703125 0.1453125
1 0.5640625 0.14921875 0.05234375 0.08828125
1 0.36640625 0.38359375 0.0859375 0.175
0 0.88046875 0.38515625 0.05859375 0.1203125
1 0.75703125 0.2890625 0.04609375 0.128125
0 0.63203125 0.14296875 0.04375 0.0859375
0 0.71875 0.22109375 0.03828125 0.121875
1 0.09453125 0.50625 0.06015625 0.2265625
1 0.32421875 0.15625 0.04609375 0.16171875
1 0.48359375 0.353125 0.06328125 0.15546875
0 0.3734375 0.27421875 0.075 0.1296875
