0 0.4828125 0.35703125 0.06640625 0.15390625
0 0.37578125 0.2640625 0.06484375 0.121875
1 0.31640625 0.15625 0.0484375 0.103125
0 0.4921875 0.53984375 0.08359375 0.209375
0 0.93671875 0.52421875 0.0703125 0.165625
1 0.69921875 0.44453125 0.08359375 0.09375
0 0.3359375 0.5484375 0.11875 0.18359375
1 0.81640625 0.38203125 0.078125 0.14296875
1 0.65078125 0.20625 0.0578125 0.0953125
1 0.7984375 0.2296875 0.04375 0.0796875
0 0.36015625 0.378125 0.08359375 0.1484375
0 0.08828125 0.50390625 0.0734375 0.2140625
0 0.23671875 0.3734375 0.07578125 0.1484375
1 0.61328125 0.41796875 0.07421875 0.096875
1 0.5671875 0.14453125 0.04453125 0.08203125
0 0.71796875 0.23671875 0.03828125 0.15
1 0.45234375 0.15859375 0.04921875 0.11796875
0 0.62421875 0.16171875 0.04765625 0.10546875
1 0.2015625 0.5265625 0.071875 0.19375
0 0.57421875 0.19296875 0.03984375 0.09921875
1 0.88203125 0.39765625 0.05703125 0.11953125
0 0.39609375 0.16640625 0.03828125 0.09296875
1 0.78125 0.30078125 0.07265625 0.11953125
1 0.8390625 0.29375 0.071875 0.121875
