1 0.4828125 0.37421875 0.07578125 0.14921875
1 0.6515625 0.20859375 0.06015625 0.09921875
0 0.578125 0.190625 0.04140625 0.1
0 0.4921875 0.53671875 0.08984375 0.19453125
0 0.3609375 0.38046875 0.08203125 0.18125
1 0.7984375 0.228125 0.0453125 0.07578125
1 0.7328125 0.23203125 0.06484375 0.0984375
1 0.39140625 0.18125 0.04140625 0.0859375
0 0.6296875 0.1515625 0.04921875 0.0953125
1 0.70390625 0.43828125 0.08515625 0.103125
0 0.565625 0.140625 0.04609375 0.09375
0 0.328125 0.56796875 0.1140625 0.18203125
1 0.88125 0.39453125 0.05703125 0.11015625
0 0.0921875 0.48828125 0.053125 0.19140625
0 0.934375 0.5234375 0.07421875 0.16640625
1 0.8421875 0.30390625 0.04765625 0.08984375
0 0.4546875 0.16015625 0.05234375 0.10390625
0 0.76953125 0.29453125 0.05546875 0.10078125
0 0.1890625 0.56875 0.10546875 0.1953125
1 0.23828125 0.39921875 0.07890625 0.153125
1 0.6171875 0.4109375 0.0703125 0.15625
0 0.37578125 0.24765625 0.06875 0.1234375
0 0.80546875 0.35703125 0.08125 0.15703125
0 0.31640625 0.15234375 0.065625 0.12421875
