0 0.20390625 0.53671875 0.071875 0.16875
0 0.56328125 0.21015625 0.0515625 0.08359375
1 0.65 0.20703125 0.06015625 0.09453125
1 0.3328125 0.55703125 0.11484375 0.19609375
1 0.7296875 0.23671875 0.0609375 0.08671875
1 0.8 0.23203125 0.04609375 0.078125
1 0.24765625 0.37421875 0.07578125 0.16953125
1 0.4515625 0.15390625 0.05234375 0.11796875
1 0.83828125 0.31328125 0.05859375 0.075
0 0.63046875 0.13828125 0.04609375 0.096875
1 0.615625 0.41875 0.07890625 0.14296875
1 0.3625 0.384375 0.08828125 0.1703125
0 0.9375 0.5234375 0.07421875 0.16640625
1 0.37578125 0.278125 0.08046875 0.1015625
1 0.4890625 0.54296875 0.09609375 0.203125
1 0.31796875 0.1546875 0.0453125 0.1
0 0.8125 0.38046875 0.06328125 0.14296875
1 0.88359375 0.403125 0.05859375 0.109375
0 0.5734375 0.14453125 0.05078125 0.08828125
1 0.48125 0.3640625 0.06796875 0.14453125
1 0.39140625 0.165625 0.04140625 0.08828125
1 0.09609375 0.50390625 0.0625 0.22890625
1 0.76875 0.29375 0.0734375 0.1234375
1 0.70078125 0.42578125 0.0890625 0.1140625
