0 0.20390625 0.54140625 0.0703125 0.159375
0 0.56328125 0.1984375 0.04609375 0.08671875
1 0.70078125 0.44921875 0.08359375 0.09375
0 0.77421875 0.29296875 0.06015625 0.10078125
1 0.65 0.20546875 0.05703125 0.090625
0 0.36171875 0.3859375 0.08671875 0.1453125
0 0.83359375 0.29609375 0.04765625 0.09296875
0 0.63203125 0.14765625 0.04765625 0.08203125
0 0.38828125 0.18125 0.04140625 0.07109375
1 0.7984375 0.22890625 0.04609375 0.0765625
1 0.6140625 0.41640625 0.07578125 0.09609375
1 0.5671875 0.1390625 0.04921875 0.090625
0 0.07890625 0.51171875 0.08125 0.20546875
1 0.71875 0.2234375 0.03828125 0.1203125
0 0.375 0.265625 0.0671875 0.12109375
0 0.33359375 0.55390625 0.1171875 0.20078125
1 0.94140625 0.54296875 0.08203125 0.134375
1 0.4765625 0.40546875 0.08671875 0.12578125
1 0.240625 0.390625 0.07421875 0.1765625
0 0.31953125 0.14453125 0.0484375 0.11953125
1 0.4484375 0.16640625 0.05546875 0.10546875
1 0.88203125 0.390625 0.0546875 0.11953125
1 0.81640625 0.38515625 0.07578125 0.140625
0 0.49375 0.5484375 0.08671875 0.1609375
