1 0.33359375 0.584375 0.1296875 0.11875
1 0.93828125 0.52890625 0.075 0.153125
0 0.20390625 0.5484375 0.07109375 0.16875
1 0.6515625 0.20625 0.05859375 0.09375
0 0.63203125 0.14453125 0.04921875 0.08984375
0 0.48828125 0.53359375 0.09609375 0.20078125
1 0.70546875 0.44765625 0.07421875 0.09375
1 0.84453125 0.31328125 0.04921875 0.08046875
1 0.240625 0.39296875 0.0734375 0.18046875
0 0.5703125 0.19921875 0.04921875 0.08046875
1 0.38828125 0.18125 0.03984375 0.09375
1 0.88359375 0.38828125 0.059375 0.09375
0 0.56796875 0.14140625 0.0515625 0.08515625
1 0.759375 0.2734375 0.046875 0.09609375
0 0.36328125 0.38203125 0.0875 0.178125
0 0.3203125 0.14453125 0.05 0.11171875
1 0.0953125 0.50546875 0.0609375 0.2203125
1 0.621875 0.41953125 0.08671875 0.125
0 0.375 0.25703125 0.06328125 0.13515625
1 0.71875 0.21953125 0.0390625 0.12109375
1 0.81015625 0.24296875 0.04375 0.0734375
0 0.45 0.15078125 0.05390625 0.121875
1 0.8109375 0.43203125 0.0609375 0.22578125
0 0.4796875 0.38828125 0.11015625 0.1640625
