1 0.8703125 0.41015625 0.0640625 0.21328125
0 0.56640625 0.1984375 0.04765625 0.08515625
1 0.65 0.20625 0.0625 0.09921875
1 0.31484375 0.15546875 0.04921875 0.1109375
1 0.7984375 0.2265625 0.04765625 0.0859375
0 0.328125 0.54453125 0.10703125 0.17890625
1 0.6140625 0.41640625 0.07421875 0.1
1 0.3640625 0.35703125 0.07890625 0.1546875
0 0.70234375 0.44296875 0.09296875 0.11015625
1 0.7296875 0.23359375 0.05859375 0.096875
0 0.48203125 0.34765625 0.06484375 0.1546875
0 0.378125 0.2609375 0.05859375 0.115625
0 0.20078125 0.54140625 0.07890625 0.2109375
1 0.5703125 0.13671875 0.04765625 0.08671875
0 0.62734375 0.13828125 0.0421875 0.08828125
1 0.4515625 0.16484375 0.05703125 0.109375
1 0.80859375 0.42890625 0.06015625 0.25078125
0 0.0828125 0.51015625 0.07421875 0.21328125
1 0.23515625 0.39140625 0.075 0.16484375
0 0.5 0.53203125 0.11640625 0.19296875
1 0.9375 0.5359375 0.075 0.13828125
1 0.3890625 0.16640625 0.04609375 0.08671875
0 0.77578125 0.29453125 0.04921875 0.12890625
1 0.8390625 0.296875 0.0609375 0.09296875
