0 0.6265625 0.1359375 0.04453125 0.103125
0 0.2046875 0.55234375 0.07421875 0.184375
0 0.2296875 0.4015625 0.08515625 0.13828125
0 0.84375 0.30390625 0.04921875 0.096875
1 0.7015625 0.4484375 0.0921875 0.10703125
0 0.76796875 0.29375 0.05546875 0.11328125
1 0.5703125 0.15390625 0.05078125 0.0734375
1 0.36015625 0.3890625 0.09140625 0.17421875
1 0.3890625 0.18671875 0.0546875 0.06640625
0 0.07265625 0.52578125 0.0796875 0.18359375
1 0.7296875 0.2359375 0.0578125 0.09140625
1 0.61328125 0.4140625 0.075 0.1
1 0.33046875 0.578125 0.1140625 0.11640625
1 0.79921875 0.23203125 0.04765625 0.07421875
1 0.48125 0.34921875 0.06484375 0.16015625
0 0.65 0.20390625 0.06015625 0.0953125
1 0.88203125 0.39765625 0.05859375 0.10625
1 0.453125 0.15546875 0.05703125 0.1109375
0 0.5703125 0.2015625 0.05078125 0.1046875
1 0.3203125 0.16171875 0.0546875 0.15546875
1 0.9421875 0.55703125 0.08203125 0.14296875
1 0.3765625 0.2546875 0.0765625 0.16015625
1 0.49765625 0.51171875 0.09921875 0.2484375
0 0.7984375 0.371875 0.078125 0.18203125
