0 0.20390625 0.54140625 0.06875 0.16328125
0 0.5625 0.1984375 0.0484375 0.0890625
0 0.375 0.26640625 0.0671875 0.11640625
1 0.70078125 0.44921875 0.08671875 0.09140625
0 0.23984375 0.39296875 0.0734375 0.16796875
1 0.65 0.20703125 0.0578125 0.1
0 0.49140625 0.5359375 0.09453125 0.19140625
1 0.61328125 0.41640625 0.075 0.1
0 0.93828125 0.52578125 0.075 0.1609375
1 0.79921875 0.23125 0.04296875 0.06796875
0 0.81328125 0.38203125 0.06953125 0.14453125
1 0.4515625 0.153125 0.053125 0.109375
1 0.56796875 0.14140625 0.05078125 0.09453125
0 0.09140625 0.50859375 0.06171875 0.20859375
1 0.33515625 0.55703125 0.11640625 0.19609375
1 0.31953125 0.14296875 0.04921875 0.1140625
0 0.4765625 0.365625 0.07734375 0.17890625
1 0.88203125 0.39296875 0.05546875 0.11796875
0 0.63125 0.14453125 0.04453125 0.08984375
1 0.36171875 0.3859375 0.09140625 0.16953125
1 0.39453125 0.16640625 0.0359375 0.090625
1 0.71796875 0.22890625 0.03671875 0.13203125
0 0.77265625 0.28515625 0.0734375 0.1234375
0 0.8375 0.30546875 0.06796875 0.1140625
