0 0.5640625 0.20546875 0.046875 0.07421875
1 0.70078125 0.45078125 0.08671875 0.09296875
0 0.2390625 0.403125 0.07265625 0.17421875
1 0.64765625 0.203125 0.05625 0.0984375
0 0.83828125 0.303125 0.05703125 0.10390625
1 0.9453125 0.52890625 0.07421875 0.1515625
0 0.49140625 0.5390625 0.09140625 0.1984375
1 0.6140625 0.415625 0.07421875 0.09921875
1 0.79921875 0.228125 0.04296875 0.078125
0 0.3609375 0.378125 0.08515625 0.12578125
0 0.88203125 0.38671875 0.05234375 0.13125
0 0.7734375 0.28828125 0.053125 0.1046875
1 0.45078125 0.15703125 0.05234375 0.11640625
1 0.3359375 0.54375 0.11640625 0.2015625
0 0.628125 0.140625 0.04140625 0.08203125
1 0.31953125 0.14375 0.04765625 0.1109375
1 0.07734375 0.51015625 0.075 0.1984375
1 0.57109375 0.14609375 0.05234375 0.0890625
1 0.8140625 0.38203125 0.07265625 0.1390625
0 0.3765625 0.25625 0.06640625 0.11171875
1 0.19296875 0.58203125 0.0875 0.1484375
1 0.4828125 0.35859375 0.06953125 0.134375
0 0.71875 0.22421875 0.0359375 0.12109375
1 0.39453125 0.165625 0.0546875 0.115625
