1 0.33515625 0.58515625 0.13125 0.11875
0 0.20390625 0.5484375 0.06953125 0.16875
0 0.4890625 0.5359375 0.09609375 0.196875
1 0.84375 0.30703125 0.05078125 0.0890625
1 0.6203125 0.415625 0.08671875 0.13046875
1 0.7046875 0.4484375 0.071875 0.09296875
1 0.23984375 0.39609375 0.071875 0.171875
1 0.6515625 0.20625 0.06015625 0.096875
1 0.63203125 0.14609375 0.0453125 0.08671875
1 0.809375 0.240625 0.04140625 0.06953125
0 0.575 0.19140625 0.03828125 0.1015625
1 0.3859375 0.18828125 0.04453125 0.0765625
1 0.88515625 0.38671875 0.06171875 0.1
1 0.3625 0.38203125 0.08828125 0.1796875
1 0.0953125 0.50390625 0.05234375 0.23203125
1 0.9390625 0.5234375 0.07734375 0.171875
1 0.31953125 0.15546875 0.05234375 0.14609375
1 0.47890625 0.3890625 0.0859375 0.13125
1 0.71953125 0.21953125 0.04140625 0.12109375
1 0.76171875 0.27578125 0.04921875 0.11328125
0 0.37421875 0.26640625 0.06484375 0.1203125
0 0.5671875 0.14296875 0.04609375 0.08828125
1 0.45234375 0.165625 0.05625 0.1046875
1 0.8109375 0.4234375 0.06171875 0.21484375
