0 0.78203125 0.29609375 0.05 0.09296875
0 0.484375 0.346875 0.06484375 0.15625
0 0.49921875 0.52265625 0.1015625 0.2140625
1 0.65 0.20625 0.0625 0.096875
1 0.56953125 0.19765625 0.05703125 0.0859375
1 0.33125 0.578125 0.1125 0.11875
1 0.79921875 0.23046875 0.04921875 0.08359375
0 0.62734375 0.13671875 0.04140625 0.090625
1 0.3890625 0.18515625 0.0546875 0.06875
1 0.8359375 0.30703125 0.05234375 0.08125
1 0.73046875 0.23359375 0.06015625 0.09921875
1 0.31640625 0.14921875 0.05078125 0.11796875
1 0.090625 0.5109375 0.07421875 0.21796875
0 0.94296875 0.5515625 0.08203125 0.14921875
1 0.36328125 0.353125 0.07734375 0.1609375
1 0.45390625 0.16640625 0.059375 0.1109375
1 0.20234375 0.54140625 0.07734375 0.19609375
0 0.86953125 0.40859375 0.06171875 0.215625
0 0.80625 0.428125 0.06171875 0.26328125
1 0.2375 0.37421875 0.08359375 0.1640625
1 0.378125 0.2609375 0.06328125 0.13125
1 0.6109375 0.4140625 0.096875 0.14609375
1 0.7015625 0.4390625 0.10546875 0.11796875
0 0.56796875 0.134375 0.0765625 0.12421875
