0 0.2046875 0.54921875 0.07265625 0.1734375
0 0.48203125 0.36640625 0.08828125 0.16875
1 0.7984375 0.23203125 0.04921875 0.08125
1 0.70546875 0.44765625 0.07421875 0.0953125
1 0.35859375 0.3953125 0.0890625 0.16328125
0 0.56953125 0.203125 0.05 0.07578125
1 0.65 0.20703125 0.05625 0.0890625
1 0.33359375 0.58515625 0.12421875 0.11875
1 0.88046875 0.390625 0.06328125 0.10625
1 0.61953125 0.41328125 0.08203125 0.13203125
1 0.08828125 0.5359375 0.07109375 0.28671875
1 0.8390625 0.31015625 0.05546875 0.08671875
0 0.38671875 0.17890625 0.04296875 0.08828125
1 0.94140625 0.54921875 0.08359375 0.13984375
1 0.31953125 0.146875 0.06015625 0.1359375
0 0.71875 0.2234375 0.03828125 0.1203125
0 0.62890625 0.16171875 0.05078125 0.07421875
1 0.565625 0.14609375 0.04921875 0.0890625
1 0.45234375 0.16015625 0.05234375 0.1203125
1 0.75859375 0.27890625 0.04765625 0.11171875
1 0.2375 0.39375 0.08125 0.1890625
1 0.378125 0.26015625 0.075 0.13359375
1 0.48828125 0.53125 0.1203125 0.2328125
0 0.8109375 0.38203125 0.0703125 0.1421875
