0 0.20390625 0.54296875 0.06875 0.153125
1 0.23984375 0.390625 0.0734375 0.18203125
0 0.48828125 0.53515625 0.09765625 0.2
1 0.70390625 0.4484375 0.07265625 0.09296875
1 0.65078125 0.20703125 0.06015625 0.09296875
1 0.62109375 0.41953125 0.08828125 0.12109375
0 0.3359375 0.55859375 0.12734375 0.16171875
0 0.5703125 0.18828125 0.05546875 0.103125
1 0.9390625 0.52890625 0.07578125 0.1546875
0 0.47734375 0.37578125 0.0828125 0.1390625
1 0.8453125 0.3140625 0.0515625 0.08125
1 0.63203125 0.14765625 0.0484375 0.08203125
1 0.5625 0.1421875 0.04609375 0.084375
0 0.3640625 0.38515625 0.0875 0.1796875
1 0.8078125 0.24140625 0.04140625 0.0703125
1 0.38828125 0.18125 0.03984375 0.0953125
0 0.09453125 0.50625 0.06171875 0.2234375
1 0.88125 0.38828125 0.0578125 0.1046875
1 0.80859375 0.4390625 0.06328125 0.24453125
1 0.75859375 0.28828125 0.04765625 0.1234375
0 0.3203125 0.14375 0.05 0.11484375
0 0.71953125 0.22421875 0.04296875 0.11796875
0 0.45234375 0.15234375 0.05859375 0.115625
1 0.37578125 0.253125 0.0796875 0.153125
