0 0.20390625 0.5484375 0.06953125 0.16640625
1 0.33359375 0.584375 0.12890625 0.11875
1 0.70546875 0.4484375 0.075 0.09296875
1 0.84375 0.31328125 0.05 0.084375
0 0.478125 0.3765625 0.08984375 0.146875
0 0.4890625 0.53359375 0.09609375 0.19921875
1 0.6515625 0.20546875 0.05859375 0.09296875
0 0.63125 0.1484375 0.05 0.08359375
0 0.3640625 0.384375 0.08828125 0.18125
1 0.2390625 0.39453125 0.075 0.1765625
0 0.88203125 0.38671875 0.06171875 0.11484375
1 0.62265625 0.41640625 0.0875 0.12421875
1 0.38828125 0.18125 0.03828125 0.0953125
0 0.809375 0.24296875 0.04296875 0.0734375
1 0.75859375 0.2734375 0.04609375 0.09609375
0 0.44921875 0.15546875 0.05390625 0.11875
1 0.09375 0.50546875 0.05546875 0.22578125
1 0.9375 0.52890625 0.075 0.15625
0 0.56015625 0.14765625 0.04453125 0.08046875
0 0.71875 0.2234375 0.03828125 0.121875
0 0.3203125 0.14296875 0.05078125 0.12109375
1 0.38125 0.2578125 0.07578125 0.134375
0 0.57421875 0.2078125 0.06015625 0.1171875
1 0.8125 0.3765625 0.05390625 0.14453125
