0 0.2046875 0.53671875 0.0703125 0.1609375
1 0.48984375 0.5359375 0.09453125 0.19140625
1 0.70390625 0.43828125 0.08125 0.0953125
1 0.61171875 0.41171875 0.07265625 0.10546875
1 0.65078125 0.20703125 0.0578125 0.09296875
1 0.7984375 0.23125 0.04375 0.0734375
1 0.84140625 0.31171875 0.05234375 0.07421875
1 0.08671875 0.49375 0.0734375 0.24453125
1 0.3328125 0.56171875 0.11796875 0.19453125
1 0.3875 0.17578125 0.04765625 0.090625
0 0.3203125 0.14453125 0.04765625 0.09375
0 0.5671875 0.14765625 0.04765625 0.08203125
1 0.45234375 0.16015625 0.05703125 0.109375
0 0.5671875 0.19140625 0.04296875 0.0984375
0 0.934375 0.5265625 0.07109375 0.1640625
1 0.88203125 0.41953125 0.05703125 0.13828125
1 0.47890625 0.365625 0.08046875 0.146875
1 0.24765625 0.3734375 0.07578125 0.178125
0 0.3640625 0.37265625 0.08828125 0.1953125
0 0.62890625 0.14140625 0.04609375 0.08125
0 0.73203125 0.22421875 0.0578125 0.09140625
1 0.375 0.2609375 0.08515625 0.11328125
0 0.77109375 0.28515625 0.06796875 0.11953125
0 0.81796875 0.371875 0.07265625 0.140625
