1 0.7046875 0.4484375 0.0734375 0.09296875
0 0.47890625 0.37890625 0.08984375 0.14921875
0 0.2046875 0.54765625 0.0703125 0.16953125
1 0.8453125 0.3109375 0.0484375 0.08828125
1 0.3328125 0.584375 0.12734375 0.1203125
1 0.65078125 0.20625 0.05859375 0.09140625
0 0.5703125 0.20859375 0.04765625 0.0640625
1 0.93671875 0.52890625 0.07265625 0.1546875
1 0.36328125 0.38515625 0.0875 0.18125
0 0.48828125 0.53203125 0.09609375 0.20390625
1 0.88203125 0.39140625 0.0609375 0.0984375
0 0.39140625 0.17890625 0.04453125 0.0859375
1 0.23984375 0.39296875 0.0734375 0.18203125
1 0.63203125 0.1484375 0.05078125 0.08515625
1 0.62109375 0.41953125 0.08828125 0.1234375
1 0.75859375 0.27265625 0.04609375 0.09921875
0 0.5640625 0.14375 0.04921875 0.0984375
0 0.45078125 0.15390625 0.0515625 0.11953125
0 0.71796875 0.2234375 0.03828125 0.11953125
1 0.31953125 0.14296875 0.04921875 0.1234375
0 0.09453125 0.50546875 0.05859375 0.22421875
1 0.8140625 0.38828125 0.0640625 0.1265625
1 0.796875 0.22890625 0.06796875 0.10546875
1 0.37734375 0.25234375 0.078125 0.1421875
