0 0.57109375 0.2109375 0.053125 0.0640625
1 0.33203125 0.58515625 0.12890625 0.11875
0 0.20390625 0.54921875 0.07109375 0.17109375
1 0.70625 0.44921875 0.07578125 0.09375
1 0.621875 0.41875 0.08671875 0.121875
1 0.65078125 0.20625 0.05859375 0.08984375
1 0.8 0.23203125 0.0484375 0.08359375
0 0.48828125 0.52578125 0.0921875 0.22421875
1 0.8109375 0.39453125 0.06171875 0.11171875
1 0.8375 0.30390625 0.05546875 0.08984375
1 0.36484375 0.38671875 0.084375 0.17421875
1 0.3875 0.18203125 0.0421875 0.0984375
1 0.56796875 0.14609375 0.05390625 0.08515625
1 0.45078125 0.15703125 0.05390625 0.10703125
1 0.9421875 0.55078125 0.084375 0.12421875
0 0.759375 0.2828125 0.04921875 0.1203125
0 0.4671875 0.37578125 0.0953125 0.1015625
1 0.878125 0.3828125 0.0640625 0.16171875
1 0.62890625 0.153125 0.04609375 0.071875
1 0.2390625 0.39609375 0.075 0.16328125
0 0.36640625 0.26640625 0.05625 0.1109375
0 0.71875 0.2234375 0.0390625 0.121875
1 0.09609375 0.52109375 0.05625 0.25390625
1 0.32421875 0.13046875 0.04453125 0.1203125
