0 0.5640625 0.2109375 0.05234375 0.08203125
0 0.33203125 0.565625 0.1125 0.18203125
1 0.9375 0.52890625 0.0734375 0.15078125
1 0.65 0.20703125 0.0609375 0.0953125
1 0.2484375 0.37265625 0.07421875 0.175
1 0.615625 0.41640625 0.07734375 0.14453125
1 0.8 0.23515625 0.0453125 0.078125
1 0.45078125 0.15078125 0.05390625 0.1109375
0 0.7046875 0.4296875 0.08671875 0.1203125
1 0.20078125 0.5265625 0.07265625 0.19140625
0 0.6328125 0.13828125 0.04453125 0.08984375
1 0.7328125 0.23671875 0.06640625 0.0890625
1 0.5734375 0.14375 0.04921875 0.0890625
1 0.47890625 0.36328125 0.06640625 0.14140625
1 0.37421875 0.2765625 0.08046875 0.0984375
1 0.31796875 0.15078125 0.04765625 0.09609375
1 0.8828125 0.428125 0.06171875 0.159375
1 0.0875 0.50625 0.06484375 0.2265625
1 0.8390625 0.303125 0.05546875 0.0890625
1 0.39140625 0.16328125 0.03984375 0.08828125
0 0.8125 0.42421875 0.0640625 0.20859375
1 0.4890625 0.54609375 0.09609375 0.2
1 0.3625 0.384375 0.0890625 0.16875
1 0.775 0.2953125 0.065625 0.13046875
