0 0.20390625 0.53828125 0.06953125 0.1734375
0 0.5625 0.21015625 0.0515625 0.08359375
1 0.33359375 0.58359375 0.12890625 0.11796875
1 0.7046875 0.44765625 0.07265625 0.096875
1 0.6203125 0.41953125 0.0921875 0.125
1 0.6484375 0.20546875 0.0546875 0.09453125
0 0.80078125 0.228125 0.05 0.09453125
1 0.36171875 0.38359375 0.08828125 0.16953125
1 0.49296875 0.53671875 0.08984375 0.2
1 0.81015625 0.3890625 0.06171875 0.128125
1 0.48125 0.38046875 0.0859375 0.14296875
1 0.56953125 0.14921875 0.05546875 0.08828125
0 0.6328125 0.1484375 0.0453125 0.078125
1 0.88203125 0.403125 0.05859375 0.10703125
0 0.3203125 0.1609375 0.05 0.12109375
1 0.93671875 0.5234375 0.0703125 0.1609375
1 0.71953125 0.2234375 0.04296875 0.128125
1 0.8375 0.29921875 0.05546875 0.103125
0 0.45234375 0.16796875 0.05703125 0.096875
1 0.3890625 0.1765625 0.04296875 0.09140625
1 0.09453125 0.484375 0.10078125 0.1890625
1 0.234375 0.390625 0.08515625 0.159375
1 0.375 0.26640625 0.090625 0.10546875
1 0.77265625 0.27890625 0.0609375 0.1203125
