0 0.571875 0.19453125 0.0515625 0.09375
0 0.20390625 0.5484375 0.06953125 0.1703125
1 0.65078125 0.20703125 0.06015625 0.09453125
0 0.4796875 0.378125 0.08828125 0.140625
0 0.4890625 0.53515625 0.09609375 0.2
1 0.4515625 0.15703125 0.05625 0.10390625
1 0.9390625 0.528125 0.07578125 0.15546875
1 0.7046875 0.44765625 0.07265625 0.09375
1 0.33359375 0.584375 0.12578125 0.11875
0 0.63046875 0.14453125 0.0453125 0.08828125
1 0.8453125 0.31640625 0.04765625 0.08359375
1 0.62109375 0.41953125 0.0890625 0.11953125
0 0.36328125 0.38359375 0.08828125 0.18203125
1 0.38671875 0.18125 0.04296875 0.0953125
0 0.8078125 0.24140625 0.0421875 0.071875
0 0.55625 0.13828125 0.0484375 0.09140625
1 0.88125 0.38671875 0.05546875 0.10390625
1 0.76171875 0.27578125 0.05 0.10546875
0 0.09375 0.50703125 0.05546875 0.228125
1 0.71796875 0.2234375 0.03828125 0.1203125
0 0.3203125 0.14609375 0.05 0.11640625
0 0.2390625 0.39453125 0.07890625 0.18203125
1 0.81015625 0.43359375 0.06171875 0.22890625
1 0.3765625 0.26640625 0.0859375 0.1328125
