0 0.20390625 0.5484375 0.06953125 0.16328125
1 0.33359375 0.584375 0.12890625 0.11875
1 0.70546875 0.4484375 0.07578125 0.09296875
0 0.4890625 0.53359375 0.09609375 0.20078125
1 0.9375 0.52890625 0.07421875 0.1546875
1 0.65078125 0.20546875 0.0578125 0.09296875
1 0.8453125 0.3140625 0.04921875 0.08125
0 0.3640625 0.38515625 0.08828125 0.1796875
0 0.56171875 0.14921875 0.04609375 0.0734375
1 0.88203125 0.390625 0.06171875 0.10859375
1 0.09453125 0.50546875 0.05546875 0.22578125
1 0.38828125 0.18203125 0.03828125 0.09453125
1 0.75859375 0.27265625 0.0453125 0.09375
1 0.81015625 0.24296875 0.04375 0.0734375
0 0.62890625 0.14453125 0.04609375 0.08828125
1 0.621875 0.41796875 0.08828125 0.125
0 0.478125 0.37421875 0.08671875 0.1453125
0 0.5703125 0.18359375 0.05390625 0.11171875
1 0.3203125 0.14296875 0.05078125 0.11953125
0 0.71796875 0.22109375 0.03828125 0.12421875
0 0.4484375 0.15546875 0.05234375 0.11875
1 0.240625 0.39609375 0.07109375 0.17578125
1 0.81015625 0.43359375 0.0609375 0.2265625
1 0.3734375 0.25546875 0.08046875 0.1484375
