0 0.20234375 0.53515625 0.071875 0.171875
0 0.571875 0.20703125 0.05078125 0.08671875
0 0.23984375 0.3875 0.07109375 0.1859375
1 0.7046875 0.44765625 0.07421875 0.09375
1 0.37421875 0.26640625 0.06328125 0.11640625
1 0.79765625 0.23125 0.04609375 0.075
1 0.65078125 0.20703125 0.06015625 0.09609375
1 0.4921875 0.53671875 0.08984375 0.2015625
1 0.62265625 0.41953125 0.08984375 0.1203125
1 0.81015625 0.3890625 0.0640625 0.128125
1 0.48125 0.37890625 0.08359375 0.13984375
1 0.7265625 0.22265625 0.05546875 0.125
1 0.56875 0.14765625 0.05 0.0859375
0 0.09453125 0.50703125 0.05546875 0.22578125
1 0.8828125 0.39765625 0.059375 0.11171875
0 0.62734375 0.153125 0.04609375 0.0890625
1 0.93671875 0.52421875 0.06875 0.16171875
1 0.3625 0.378125 0.08828125 0.171875
1 0.38984375 0.17578125 0.03984375 0.090625
1 0.33671875 0.5484375 0.1140625 0.15703125
0 0.32109375 0.1578125 0.05078125 0.12109375
0 0.45234375 0.17265625 0.06796875 0.121875
1 0.7765625 0.28828125 0.06328125 0.09296875
1 0.840625 0.29765625 0.0515625 0.09453125
