0 0.775 0.2859375 0.05234375 0.1
0 0.490625 0.5375 0.09453125 0.19609375
0 0.23828125 0.37734375 0.07421875 0.165625
1 0.6515625 0.20859375 0.05703125 0.09765625
0 0.565625 0.1984375 0.0453125 0.084375
1 0.8828125 0.39609375 0.0578125 0.11640625
1 0.7984375 0.23359375 0.04375 0.06953125
1 0.83828125 0.30625 0.05546875 0.08828125
0 0.0890625 0.5140625 0.0671875 0.18515625
1 0.39609375 0.16875 0.034375 0.08984375
1 0.36171875 0.38359375 0.08984375 0.17109375
1 0.70390625 0.44140625 0.08828125 0.10703125
1 0.9421875 0.54609375 0.0828125 0.125
1 0.19375 0.5828125 0.09765625 0.196875
1 0.61484375 0.415625 0.0765625 0.140625
0 0.8171875 0.38046875 0.075 0.15625
0 0.453125 0.3625 0.07265625 0.1390625
1 0.325 0.56796875 0.11328125 0.20234375
1 0.571875 0.14453125 0.04609375 0.084375
1 0.63125 0.1484375 0.0484375 0.08125
1 0.45078125 0.1625 0.05078125 0.11953125
0 0.36875 0.253125 0.0546875 0.1234375
1 0.715625 0.22109375 0.03828125 0.12109375
0 0.3203125 0.1484375 0.06796875 0.146875
