1 0.33359375 0.5890625 0.12890625 0.11875
0 0.2046875 0.54609375 0.0703125 0.16640625
1 0.70625 0.44921875 0.07578125 0.09375
1 0.7984375 0.22890625 0.05078125 0.0859375
1 0.45078125 0.15703125 0.05390625 0.109375
0 0.49375 0.53125 0.08828125 0.203125
1 0.8109375 0.39453125 0.06171875 0.11171875
1 0.8796875 0.39296875 0.06015625 0.103125
1 0.6515625 0.20625 0.06015625 0.09140625
1 0.61953125 0.41875 0.0890625 0.12421875
1 0.365625 0.38046875 0.08671875 0.171875
1 0.8390625 0.30859375 0.05859375 0.0859375
1 0.56796875 0.14921875 0.0546875 0.08828125
0 0.56953125 0.20390625 0.05 0.0765625
1 0.9421875 0.55078125 0.0828125 0.12421875
1 0.7578125 0.278125 0.04609375 0.10546875
1 0.3890625 0.17890625 0.0453125 0.09375
1 0.23828125 0.39765625 0.07578125 0.16953125
0 0.48359375 0.35078125 0.0625 0.1609375
0 0.71796875 0.22109375 0.03828125 0.121875
1 0.09375 0.50859375 0.05546875 0.221875
1 0.3234375 0.15546875 0.04609375 0.159375
0 0.63046875 0.14375 0.03984375 0.078125
0 0.375 0.27890625 0.07265625 0.08359375
