0 0.56484375 0.20546875 0.046875 0.07421875
1 0.7 0.45078125 0.0859375 0.09296875
0 0.23984375 0.40234375 0.07265625 0.175
0 0.36015625 0.37890625 0.08515625 0.13046875
1 0.796875 0.228125 0.046875 0.07421875
0 0.37578125 0.25625 0.0671875 0.1140625
1 0.65 0.20390625 0.0625 0.09921875
1 0.94765625 0.53359375 0.075 0.15078125
1 0.61328125 0.415625 0.075 0.09921875
1 0.08046875 0.503125 0.075 0.20703125
1 0.48046875 0.36015625 0.07734375 0.1390625
1 0.3203125 0.14453125 0.04765625 0.1046875
0 0.6296875 0.13828125 0.04296875 0.0859375
0 0.83984375 0.30390625 0.05390625 0.096875
0 0.78125 0.29765625 0.05234375 0.09140625
1 0.45078125 0.15703125 0.05234375 0.11484375
1 0.8828125 0.38828125 0.05 0.13203125
1 0.57109375 0.14609375 0.0515625 0.090625
1 0.71875 0.2234375 0.03828125 0.1203125
1 0.33515625 0.54921875 0.11484375 0.203125
1 0.4921875 0.54765625 0.09140625 0.1859375
1 0.1921875 0.58125 0.08671875 0.1453125
1 0.38984375 0.16484375 0.0671875 0.1328125
1 0.815625 0.390625 0.09453125 0.18671875
