1 0.3328125 0.58828125 0.12890625 0.11953125
0 0.2046875 0.54609375 0.06953125 0.16875
1 0.88046875 0.39296875 0.05859375 0.103125
1 0.70625 0.44921875 0.07734375 0.09375
1 0.23828125 0.39453125 0.07578125 0.16796875
1 0.36484375 0.38515625 0.08515625 0.1609375
1 0.45 0.15703125 0.0546875 0.10703125
0 0.49296875 0.53125 0.08828125 0.2046875
1 0.7984375 0.23046875 0.05078125 0.0796875
1 0.8109375 0.39375 0.06015625 0.11328125
1 0.62109375 0.4140625 0.08671875 0.12421875
1 0.65078125 0.20703125 0.05859375 0.090625
1 0.9421875 0.5515625 0.08359375 0.1265625
1 0.5671875 0.14609375 0.0546875 0.09296875
0 0.56953125 0.20390625 0.05 0.0765625
0 0.38984375 0.17890625 0.0421875 0.09375
1 0.7578125 0.2765625 0.04609375 0.1046875
0 0.4828125 0.35078125 0.06171875 0.1609375
0 0.71796875 0.22265625 0.03828125 0.12109375
0 0.63046875 0.14375 0.0421875 0.0796875
0 0.3796875 0.28046875 0.05078125 0.08125
1 0.32265625 0.13671875 0.0625 0.1515625
1 0.83515625 0.3046875 0.0765625 0.09921875
1 0.0953125 0.50703125 0.0578125 0.22421875
