0 0.1953125 0.54375 0.06953125 0.1609375
0 0.7703125 0.28359375 0.06015625 0.10625
0 0.5625 0.1984375 0.0453125 0.0890625
0 0.36171875 0.38671875 0.0875 0.14609375
0 0.240625 0.39375 0.07734375 0.1609375
0 0.8328125 0.296875 0.04609375 0.09375
1 0.70078125 0.4484375 0.0859375 0.09296875
1 0.65 0.20546875 0.0578125 0.09453125
0 0.63125 0.14375 0.04453125 0.0890625
1 0.6140625 0.415625 0.07578125 0.0953125
1 0.56796875 0.13671875 0.0546875 0.10390625
0 0.79765625 0.2296875 0.0453125 0.078125
0 0.0796875 0.5140625 0.08125 0.209375
1 0.71796875 0.2234375 0.03828125 0.121875
0 0.375 0.26640625 0.06796875 0.11875
0 0.3890625 0.178125 0.03984375 0.0796875
1 0.3359375 0.55859375 0.11640625 0.19140625
0 0.49453125 0.54765625 0.0875 0.16015625
1 0.9421875 0.54609375 0.08359375 0.13359375
1 0.31953125 0.14453125 0.04921875 0.12109375
0 0.8828125 0.39296875 0.0546875 0.115625
1 0.4765625 0.40546875 0.0875 0.12578125
1 0.815625 0.38359375 0.07421875 0.14140625
1 0.44453125 0.1765625 0.0546875 0.071875
