1 0.7 0.45078125 0.0859375 0.09453125
0 0.375 0.26328125 0.0640625 0.1265625
1 0.64765625 0.20546875 0.05390625 0.09609375
1 0.83828125 0.3015625 0.05546875 0.08984375
1 0.7984375 0.23125 0.04453125 0.0765625
0 0.23671875 0.38515625 0.06640625 0.15
0 0.48671875 0.5390625 0.09140625 0.2015625
1 0.45078125 0.15703125 0.05234375 0.11484375
1 0.6140625 0.41640625 0.07578125 0.09609375
1 0.3171875 0.153125 0.04609375 0.0890625
1 0.88203125 0.39609375 0.05546875 0.109375
0 0.48046875 0.3609375 0.06328125 0.14140625
0 0.07734375 0.4984375 0.07421875 0.190625
1 0.18671875 0.56953125 0.09296875 0.21171875
0 0.33671875 0.55703125 0.11328125 0.2046875
0 0.94140625 0.54140625 0.08125 0.1390625
0 0.71796875 0.2265625 0.03671875 0.1234375
1 0.56484375 0.140625 0.04765625 0.096875
0 0.3953125 0.17109375 0.03984375 0.09296875
1 0.36015625 0.37421875 0.08515625 0.15078125
0 0.76953125 0.29921875 0.0703125 0.13828125
1 0.815625 0.3921875 0.0875 0.165625
1 0.6296875 0.13671875 0.05 0.1140625
0 0.55703125 0.196875 0.0671875 0.12734375
