0 0.203125 0.5359375 0.07109375 0.17109375
0 0.5640625 0.21015625 0.05234375 0.08359375
1 0.65 0.20703125 0.06015625 0.09609375
1 0.79921875 0.23359375 0.04609375 0.0765625
1 0.61484375 0.41953125 0.078125 0.14375
1 0.33203125 0.55859375 0.11484375 0.196875
1 0.4515625 0.15390625 0.05390625 0.12109375
1 0.24765625 0.37421875 0.07578125 0.175
1 0.73203125 0.23671875 0.06640625 0.0890625
1 0.70390625 0.43671875 0.08046875 0.1015625
1 0.83828125 0.3125 0.06015625 0.075
1 0.31796875 0.1515625 0.0453125 0.096875
1 0.9375 0.52578125 0.07265625 0.16640625
1 0.48203125 0.36171875 0.06796875 0.1484375
0 0.57265625 0.146875 0.04921875 0.084375
0 0.63046875 0.13828125 0.04921875 0.08828125
1 0.375 0.278125 0.08046875 0.0984375
1 0.39140625 0.16328125 0.03984375 0.0859375
1 0.09609375 0.50703125 0.06328125 0.228125
1 0.88359375 0.40546875 0.06171875 0.11328125
0 0.8109375 0.440625 0.06171875 0.26796875
1 0.48828125 0.54609375 0.09453125 0.1984375
1 0.36328125 0.384375 0.0890625 0.1703125
1 0.77109375 0.29375 0.06796875 0.11328125
