0 0.20390625 0.54296875 0.07109375 0.18046875
1 0.33359375 0.58359375 0.12890625 0.11796875
1 0.56328125 0.19765625 0.04921875 0.09140625
1 0.6484375 0.20390625 0.05234375 0.096875
1 0.23984375 0.39375 0.071875 0.178125
1 0.7046875 0.44765625 0.07421875 0.09375
1 0.83984375 0.30625 0.05390625 0.08828125
1 0.77421875 0.290625 0.0546875 0.103125
1 0.81015625 0.3890625 0.06328125 0.128125
1 0.8828125 0.40078125 0.059375 0.109375
1 0.6203125 0.41953125 0.0921875 0.12109375
0 0.63203125 0.14609375 0.04375 0.07578125
1 0.4515625 0.16640625 0.05546875 0.1015625
1 0.36328125 0.38359375 0.0875 0.17890625
1 0.94296875 0.55234375 0.0828125 0.1359375
0 0.3921875 0.17578125 0.04140625 0.09296875
1 0.4921875 0.53828125 0.08984375 0.196875
1 0.72734375 0.22421875 0.05859375 0.13046875
0 0.56796875 0.14921875 0.0609375 0.08828125
1 0.48203125 0.39453125 0.09140625 0.11796875
0 0.0953125 0.50703125 0.05546875 0.23515625
0 0.31953125 0.15234375 0.06015625 0.12265625
1 0.378125 0.26484375 0.075 0.1203125
1 0.80234375 0.221875 0.04765625 0.08984375
