0 0.56640625 0.19921875 0.04609375 0.084375
0 0.775 0.28828125 0.0578125 0.103125
1 0.3328125 0.56171875 0.11328125 0.18359375
1 0.65078125 0.20625 0.05859375 0.09375
1 0.79921875 0.23203125 0.04453125 0.0703125
0 0.08671875 0.51171875 0.06875 0.18125
1 0.81328125 0.3859375 0.0671875 0.1359375
1 0.2375 0.39921875 0.08203125 0.134375
1 0.6140625 0.41640625 0.07578125 0.1390625
1 0.39140625 0.17109375 0.040625 0.090625
1 0.70078125 0.43984375 0.08828125 0.1109375
1 0.18828125 0.56953125 0.09140625 0.16171875
1 0.94296875 0.5390625 0.08046875 0.13125
0 0.88671875 0.3859375 0.05234375 0.12109375
1 0.6296875 0.15625 0.0484375 0.06796875
1 0.490625 0.54296875 0.0921875 0.196875
1 0.47109375 0.39609375 0.07421875 0.11640625
0 0.31953125 0.15859375 0.04921875 0.11796875
1 0.36328125 0.38203125 0.0890625 0.1703125
1 0.71875 0.2234375 0.04140625 0.12578125
1 0.57109375 0.13671875 0.04375 0.090625
1 0.45390625 0.15859375 0.05 0.12109375
1 0.36875 0.2625 0.096875 0.1625
1 0.84765625 0.30078125 0.0828125 0.10078125
