0 0.57109375 0.21015625 0.053125 0.06484375
0 0.20390625 0.54921875 0.07109375 0.17109375
1 0.70625 0.44921875 0.075 0.09375
1 0.62109375 0.41875 0.08671875 0.1203125
1 0.79921875 0.23203125 0.04765625 0.08125
1 0.8109375 0.39453125 0.06171875 0.11015625
1 0.65078125 0.20703125 0.05859375 0.090625
1 0.83671875 0.30625 0.05234375 0.08984375
1 0.33359375 0.584375 0.12421875 0.11875
1 0.56796875 0.146875 0.05234375 0.0859375
1 0.9421875 0.55078125 0.084375 0.12578125
1 0.38671875 0.18203125 0.04140625 0.0984375
1 0.45078125 0.15625 0.05546875 0.10859375
0 0.09375 0.515625 0.0578125 0.234375
1 0.7578125 0.2765625 0.04765625 0.103125
0 0.36640625 0.26875 0.05546875 0.11328125
0 0.4890625 0.36171875 0.08515625 0.13125
1 0.8734375 0.41015625 0.04921875 0.21875
0 0.71875 0.2234375 0.0390625 0.121875
1 0.32265625 0.14296875 0.04453125 0.12890625
1 0.36484375 0.38515625 0.08515625 0.1703125
0 0.4921875 0.53828125 0.08984375 0.2046875
1 0.2390625 0.39921875 0.07421875 0.16171875
1 0.628125 0.1515625 0.04765625 0.06796875
