0 0.2046875 0.5484375 0.07109375 0.16640625
1 0.33359375 0.58515625 0.12890625 0.11875
1 0.79921875 0.23359375 0.04921875 0.08046875
1 0.83828125 0.31015625 0.05703125 0.0890625
1 0.81171875 0.39453125 0.06015625 0.11171875
1 0.70546875 0.44765625 0.07421875 0.09375
0 0.49375 0.53359375 0.08828125 0.20625
1 0.65 0.20703125 0.05546875 0.09453125
1 0.23828125 0.39375 0.07734375 0.1796875
1 0.88203125 0.39140625 0.0625 0.10390625
0 0.56875 0.20390625 0.04921875 0.0765625
1 0.6203125 0.41953125 0.08984375 0.1359375
1 0.36328125 0.38203125 0.0921875 0.178125
1 0.565625 0.14453125 0.05 0.09140625
1 0.3859375 0.17890625 0.04140625 0.08046875
1 0.09296875 0.521875 0.06015625 0.2453125
1 0.94140625 0.54765625 0.0828125 0.134375
1 0.45390625 0.15625 0.05234375 0.12109375
0 0.71875 0.2234375 0.0390625 0.121875
1 0.63046875 0.15859375 0.05234375 0.065625
1 0.484375 0.34609375 0.06484375 0.16328125
1 0.3234375 0.15703125 0.04453125 0.16328125
1 0.7578125 0.28125 0.04765625 0.115625
1 0.37734375 0.25703125 0.07734375 0.1328125
