0 0.2046875 0.53828125 0.06953125 0.16171875
1 0.4890625 0.53671875 0.09453125 0.1890625
0 0.375 0.26328125 0.0640625 0.12109375
1 0.61328125 0.4140625 0.07265625 0.109375
1 0.7984375 0.23125 0.04453125 0.075
1 0.65078125 0.20703125 0.06015625 0.09296875
1 0.70390625 0.4390625 0.08203125 0.0984375
1 0.8390625 0.31171875 0.05546875 0.07421875
0 0.3203125 0.14765625 0.04921875 0.09921875
0 0.4796875 0.36875 0.07890625 0.1515625
0 0.6296875 0.14140625 0.04765625 0.090625
0 0.56953125 0.1484375 0.04921875 0.08671875
0 0.73203125 0.22578125 0.05859375 0.1015625
0 0.08671875 0.4890625 0.07734375 0.2515625
1 0.88203125 0.39375 0.05703125 0.121875
1 0.24765625 0.37421875 0.0734375 0.175
1 0.33125 0.5609375 0.11640625 0.19140625
0 0.56953125 0.19921875 0.04921875 0.08828125
0 0.93359375 0.52421875 0.071875 0.16953125
1 0.36171875 0.38203125 0.08125 0.171875
1 0.45 0.15390625 0.0546875 0.11796875
0 0.8125 0.44140625 0.06640625 0.2609375
1 0.38828125 0.17578125 0.04453125 0.090625
0 0.76875 0.2734375 0.07109375 0.1375
