0 0.2046875 0.53671875 0.07265625 0.16484375
0 0.56328125 0.21015625 0.0515625 0.08125
0 0.48046875 0.3609375 0.0671875 0.146875
1 0.33203125 0.55625 0.11640625 0.1890625
1 0.64921875 0.20703125 0.0578125 0.09453125
1 0.80078125 0.23046875 0.04375 0.0796875
1 0.8421875 0.3125 0.053125 0.075
1 0.31796875 0.1515625 0.04609375 0.09921875
1 0.73046875 0.23671875 0.06171875 0.08671875
0 0.6296875 0.14375 0.04921875 0.090625
1 0.92734375 0.51953125 0.0609375 0.196875
1 0.7046875 0.4390625 0.08046875 0.0984375
0 0.57109375 0.14375 0.0453125 0.08671875
0 0.45078125 0.153125 0.05390625 0.11328125
1 0.24765625 0.3765625 0.07578125 0.1765625
1 0.3765625 0.25703125 0.06171875 0.13359375
1 0.61484375 0.4171875 0.078125 0.1453125
1 0.88203125 0.39921875 0.0578125 0.12890625
1 0.09765625 0.50390625 0.0625 0.2265625
1 0.4890625 0.54609375 0.09765625 0.19609375
0 0.39375 0.1640625 0.03984375 0.08671875
1 0.3625 0.37890625 0.08203125 0.17890625
1 0.778125 0.29375 0.053125 0.1234375
1 0.81484375 0.38046875 0.05703125 0.1578125
