0 0.56328125 0.21015625 0.0515625 0.08359375
1 0.33203125 0.55703125 0.1171875 0.19453125
1 0.48203125 0.365625 0.06484375 0.14375
1 0.65 0.20703125 0.0609375 0.09453125
1 0.2484375 0.37109375 0.075 0.1609375
1 0.7296875 0.23671875 0.06015625 0.0890625
1 0.4515625 0.15390625 0.05234375 0.115625
1 0.20078125 0.52734375 0.07421875 0.1859375
1 0.84140625 0.31171875 0.05390625 0.07578125
0 0.63125 0.13828125 0.04921875 0.09375
1 0.796875 0.23125 0.05078125 0.08046875
1 0.94296875 0.50859375 0.08515625 0.1953125
1 0.09453125 0.50390625 0.06484375 0.2234375
1 0.37578125 0.2765625 0.0796875 0.1046875
1 0.61640625 0.4140625 0.07734375 0.14453125
0 0.571875 0.14375 0.04765625 0.08671875
1 0.70390625 0.43828125 0.08125 0.09921875
1 0.36328125 0.384375 0.08828125 0.1703125
0 0.8828125 0.39140625 0.05390625 0.128125
1 0.31796875 0.15390625 0.0453125 0.10078125
1 0.4890625 0.54375 0.09609375 0.2015625
0 0.39296875 0.165625 0.04140625 0.08828125
1 0.77109375 0.2875 0.06328125 0.11015625
1 0.809375 0.37890625 0.0671875 0.13984375
