0 0.3734375 0.26640625 0.0640625 0.121875
1 0.33125 0.58671875 0.1234375 0.1203125
0 0.20390625 0.5484375 0.06953125 0.16640625
0 0.48046875 0.38125 0.09296875 0.14375
0 0.4890625 0.53671875 0.09609375 0.19453125
1 0.70390625 0.4484375 0.071875 0.09296875
1 0.6515625 0.20625 0.06015625 0.09375
1 0.240625 0.3984375 0.07109375 0.16640625
1 0.84375 0.31015625 0.05078125 0.09453125
1 0.4515625 0.1640625 0.05859375 0.09609375
1 0.38671875 0.18203125 0.04453125 0.09453125
1 0.5703125 0.14765625 0.059375 0.08984375
1 0.62109375 0.41640625 0.090625 0.128125
0 0.81015625 0.24140625 0.03984375 0.06875
1 0.8828125 0.38359375 0.05859375 0.1140625
1 0.7609375 0.27890625 0.05078125 0.11171875
1 0.93828125 0.52890625 0.07421875 0.15859375
1 0.096875 0.50546875 0.05546875 0.228125
1 0.63125 0.14609375 0.0453125 0.090625
1 0.8078125 0.43828125 0.06484375 0.24375
1 0.71875 0.22109375 0.0390625 0.121875
0 0.5703125 0.19609375 0.05078125 0.0890625
0 0.3203125 0.15546875 0.05078125 0.14296875
0 0.3625 0.39296875 0.11640625 0.20078125
