0 0.20390625 0.5484375 0.06953125 0.16640625
1 0.33203125 0.5859375 0.12421875 0.11953125
1 0.6203125 0.41171875 0.0875 0.13671875
1 0.63203125 0.14453125 0.04609375 0.08984375
0 0.3734375 0.26640625 0.06484375 0.121875
1 0.4890625 0.53515625 0.09765625 0.1984375
1 0.84296875 0.30859375 0.0515625 0.09140625
1 0.240625 0.39609375 0.07109375 0.16328125
1 0.7046875 0.4484375 0.0734375 0.09296875
1 0.4765625 0.39765625 0.08984375 0.11015625
1 0.6515625 0.20625 0.05859375 0.096875
0 0.57265625 0.19296875 0.05 0.09921875
1 0.3875 0.18125 0.04296875 0.0953125
1 0.45078125 0.16328125 0.05859375 0.096875
0 0.81015625 0.24140625 0.0390625 0.06875
1 0.88515625 0.38828125 0.06171875 0.10078125
1 0.93828125 0.52578125 0.0734375 0.16328125
1 0.5671875 0.14375 0.05234375 0.0890625
1 0.0953125 0.509375 0.05546875 0.2390625
0 0.3203125 0.15859375 0.05234375 0.14140625
1 0.7609375 0.27421875 0.04921875 0.10078125
1 0.71953125 0.22109375 0.04140625 0.121875
1 0.36640625 0.38203125 0.1078125 0.16484375
1 0.8109375 0.3828125 0.08828125 0.14375
