1 0.33359375 0.5859375 0.128125 0.11796875
0 0.571875 0.20703125 0.05390625 0.06484375
1 0.83828125 0.30625 0.05703125 0.0953125
1 0.9375 0.528125 0.07421875 0.15703125
1 0.45 0.15703125 0.0546875 0.10703125
1 0.621875 0.41875 0.08515625 0.11875
1 0.70546875 0.44765625 0.07265625 0.0953125
0 0.65 0.20859375 0.05859375 0.09140625
0 0.63359375 0.14765625 0.040625 0.08828125
0 0.0828125 0.50390625 0.07734375 0.21171875
1 0.79921875 0.234375 0.04765625 0.08125
1 0.36484375 0.38125 0.08515625 0.18203125
1 0.56875 0.14453125 0.0546875 0.0859375
1 0.3875 0.18125 0.04296875 0.096875
1 0.18828125 0.59921875 0.0921875 0.17109375
1 0.23671875 0.39609375 0.07890625 0.17578125
1 0.88046875 0.3765625 0.05078125 0.134375
0 0.71953125 0.22109375 0.0375 0.11875
1 0.7578125 0.29609375 0.04765625 0.14296875
1 0.4875 0.34921875 0.06875 0.16015625
1 0.32109375 0.15703125 0.05 0.15390625
1 0.49453125 0.52890625 0.0875 0.2140625
1 0.37578125 0.27109375 0.0734375 0.1234375
1 0.81015625 0.4 0.07578125 0.15546875
