0 0.20234375 0.54140625 0.06953125 0.159375
1 0.6203125 0.415625 0.0875 0.1359375
0 0.4890625 0.53828125 0.09609375 0.20078125
1 0.70390625 0.44609375 0.07109375 0.09296875
1 0.6484375 0.20390625 0.05390625 0.09375
1 0.240625 0.39296875 0.07265625 0.175
0 0.5625 0.1984375 0.04375 0.1109375
1 0.83984375 0.30859375 0.05625 0.09140625
1 0.3328125 0.57578125 0.128125 0.1390625
1 0.8078125 0.2390625 0.04296875 0.06875
0 0.45390625 0.15859375 0.05546875 0.11171875
1 0.0953125 0.50625 0.05390625 0.2359375
1 0.94296875 0.55625 0.0828125 0.13203125
0 0.62890625 0.14921875 0.04140625 0.0734375
0 0.37421875 0.265625 0.06484375 0.115625
1 0.8859375 0.378125 0.06015625 0.1609375
0 0.3875 0.18671875 0.04765625 0.07578125
1 0.71953125 0.2234375 0.03984375 0.121875
1 0.3625 0.384375 0.0890625 0.18125
1 0.31953125 0.14765625 0.05390625 0.1359375
1 0.76171875 0.2765625 0.05 0.1140625
1 0.4828125 0.3875 0.10625 0.153125
0 0.571875 0.15234375 0.05546875 0.09921875
1 0.8125 0.38203125 0.06796875 0.15546875
