0 0.375 0.2625 0.0640625 0.125
0 0.2359375 0.37890625 0.065625 0.1453125
1 0.70078125 0.4484375 0.08671875 0.09296875
1 0.64765625 0.20390625 0.05546875 0.096875
1 0.77734375 0.29375 0.05234375 0.09296875
1 0.88125 0.3984375 0.05703125 0.109375
1 0.61328125 0.415625 0.07734375 0.096875
1 0.45078125 0.15703125 0.05234375 0.11484375
1 0.315625 0.16171875 0.04765625 0.06640625
1 0.81015625 0.38671875 0.06171875 0.13671875
0 0.48515625 0.53671875 0.0921875 0.2015625
0 0.39453125 0.17265625 0.03984375 0.09375
0 0.6296875 0.14296875 0.04453125 0.096875
0 0.49375 0.34921875 0.08046875 0.146875
1 0.57109375 0.14609375 0.0546875 0.090625
0 0.359375 0.3734375 0.08515625 0.128125
1 0.1875 0.59453125 0.09921875 0.19375
0 0.07890625 0.49453125 0.06953125 0.1796875
1 0.946875 0.52421875 0.06953125 0.16171875
0 0.56171875 0.19453125 0.05078125 0.0953125
0 0.71796875 0.22578125 0.0359375 0.12421875
1 0.33671875 0.540625 0.09296875 0.2046875
1 0.80234375 0.23125 0.06328125 0.11875
1 0.84609375 0.29375 0.06953125 0.090625
