0 0.5703125 0.19921875 0.04921875 0.08046875
0 0.20390625 0.5484375 0.06953125 0.16640625
1 0.33359375 0.58515625 0.12890625 0.1203125
0 0.47890625 0.37421875 0.09296875 0.146875
0 0.4890625 0.53359375 0.09609375 0.20078125
1 0.70546875 0.4484375 0.07421875 0.09296875
1 0.6515625 0.20546875 0.06015625 0.09296875
0 0.23984375 0.39375 0.07421875 0.18125
1 0.84453125 0.3140625 0.04765625 0.08125
1 0.62109375 0.41953125 0.08828125 0.1234375
0 0.375 0.25703125 0.06328125 0.1296875
1 0.38828125 0.18125 0.03984375 0.0953125
0 0.6296875 0.14296875 0.04765625 0.09921875
1 0.8828125 0.38828125 0.06015625 0.096875
1 0.75859375 0.27421875 0.04609375 0.096875
1 0.809375 0.24296875 0.04296875 0.0734375
0 0.56796875 0.140625 0.05234375 0.08203125
1 0.9375 0.52890625 0.075 0.1546875
1 0.09453125 0.50703125 0.0578125 0.22421875
0 0.71796875 0.21953125 0.0390625 0.1234375
1 0.3203125 0.14921875 0.0515625 0.1359375
0 0.44921875 0.15390625 0.05078125 0.11796875
0 0.3609375 0.37578125 0.10234375 0.1984375
1 0.81484375 0.39609375 0.07734375 0.1515625
