0 0.93125 0.53359375 0.08828125 0.14921875
0 0.2046875 0.54609375 0.07109375 0.16640625
0 0.57421875 0.19140625 0.04453125 0.1015625
0 0.3265625 0.53515625 0.10703125 0.1890625
1 0.7984375 0.23203125 0.0453125 0.078125
0 0.49296875 0.52890625 0.07890625 0.20625
1 0.7 0.44375 0.08125 0.0984375
1 0.61328125 0.41640625 0.07421875 0.09609375
1 0.3984375 0.16640625 0.03359375 0.09453125
0 0.6234375 0.15546875 0.0421875 0.078125
1 0.315625 0.1609375 0.0484375 0.1140625
0 0.3625 0.36953125 0.08203125 0.1546875
0 0.08203125 0.50390625 0.0765625 0.22109375
0 0.3796875 0.24296875 0.06796875 0.12109375
1 0.88203125 0.42265625 0.0609375 0.1734375
1 0.5671875 0.14765625 0.046875 0.0765625
0 0.84140625 0.303125 0.05234375 0.09296875
0 0.7328125 0.2265625 0.05546875 0.09375
1 0.2359375 0.39140625 0.08046875 0.16328125
1 0.4765625 0.3734375 0.0765625 0.16484375
1 0.45234375 0.15625 0.05078125 0.11796875
0 0.65546875 0.2046875 0.075 0.1296875
0 0.78203125 0.2984375 0.07734375 0.1328125
0 0.80625 0.36015625 0.071875 0.1640625
