1 0.33359375 0.58359375 0.128125 0.11796875
0 0.20390625 0.5484375 0.07109375 0.16640625
0 0.4890625 0.534375 0.09609375 0.2
1 0.70546875 0.4484375 0.07421875 0.09296875
1 0.84375 0.31484375 0.04921875 0.0796875
1 0.6515625 0.20390625 0.05859375 0.09375
0 0.8796875 0.38203125 0.0578125 0.125
0 0.3640625 0.38515625 0.0890625 0.18125
0 0.56015625 0.15390625 0.0453125 0.06796875
1 0.62109375 0.41875 0.08828125 0.12578125
0 0.6296875 0.14140625 0.04609375 0.0984375
0 0.0953125 0.50703125 0.05859375 0.221875
1 0.38828125 0.18125 0.03828125 0.09375
1 0.81015625 0.24296875 0.04375 0.0734375
1 0.759375 0.27578125 0.046875 0.1015625
0 0.56953125 0.19296875 0.0515625 0.0953125
0 0.71796875 0.22109375 0.03828125 0.121875
1 0.9375 0.52890625 0.07578125 0.1546875
0 0.44921875 0.15390625 0.05234375 0.11796875
0 0.4796875 0.37578125 0.090625 0.14453125
1 0.240625 0.39609375 0.07109375 0.178125
1 0.3203125 0.14765625 0.05 0.13046875
0 0.37421875 0.25625 0.08125 0.13515625
1 0.80390625 0.3828125 0.07734375 0.134375
