0 0.20390625 0.54140625 0.0703125 0.1609375
1 0.70078125 0.44921875 0.08671875 0.09140625
1 0.7734375 0.28359375 0.05703125 0.10078125
0 0.33515625 0.55234375 0.11640625 0.2046875
1 0.65 0.20703125 0.05859375 0.0984375
1 0.6140625 0.41640625 0.07578125 0.0984375
0 0.37578125 0.26875 0.06640625 0.11328125
1 0.7984375 0.23046875 0.0453125 0.06484375
0 0.5625 0.19765625 0.04765625 0.08984375
1 0.8828125 0.39375 0.05546875 0.11640625
0 0.07890625 0.515625 0.08203125 0.203125
1 0.56796875 0.1390625 0.05234375 0.09609375
0 0.63046875 0.14453125 0.04609375 0.08984375
1 0.81328125 0.38203125 0.06875 0.14453125
0 0.49375 0.53359375 0.0875 0.19375
1 0.47734375 0.36015625 0.07890625 0.1515625
1 0.31953125 0.14765625 0.04921875 0.1234375
0 0.71796875 0.2265625 0.03671875 0.12890625
1 0.3953125 0.17109375 0.04140625 0.0890625
0 0.2390625 0.396875 0.075 0.15625
1 0.94140625 0.54140625 0.08359375 0.128125
1 0.36015625 0.38515625 0.09296875 0.16640625
1 0.46875 0.18671875 0.078125 0.08515625
0 0.8375 0.29765625 0.06875 0.0984375
