0 0.20390625 0.54765625 0.06953125 0.16953125
1 0.3328125 0.584375 0.12890625 0.11875
0 0.63125 0.14453125 0.04765625 0.08984375
1 0.7046875 0.4484375 0.07265625 0.09296875
0 0.4890625 0.53515625 0.09609375 0.2
1 0.84375 0.30703125 0.05 0.0890625
1 0.23984375 0.39609375 0.071875 0.1703125
1 0.621875 0.41640625 0.08671875 0.13359375
1 0.88515625 0.3890625 0.0625 0.1015625
1 0.6515625 0.20703125 0.059375 0.09609375
1 0.9390625 0.52265625 0.07734375 0.165625
1 0.45078125 0.16171875 0.05625 0.0984375
0 0.81015625 0.24140625 0.03984375 0.06875
0 0.3890625 0.17890625 0.0484375 0.0859375
1 0.71953125 0.22109375 0.04140625 0.12421875
0 0.3625 0.38046875 0.08828125 0.178125
0 0.56953125 0.14375 0.0515625 0.0890625
0 0.5703125 0.19140625 0.04453125 0.0984375
0 0.31953125 0.15546875 0.05234375 0.14296875
1 0.0953125 0.50390625 0.05390625 0.22890625
0 0.4828125 0.38828125 0.09140625 0.13671875
1 0.7625 0.27578125 0.05078125 0.1109375
1 0.81015625 0.38203125 0.059375 0.12421875
1 0.3734375 0.2640625 0.06953125 0.12421875
