1 0.3328125 0.584375 0.1296875 0.1203125
0 0.20390625 0.54609375 0.06953125 0.16640625
1 0.6515625 0.20625 0.06015625 0.09375
0 0.63125 0.14453125 0.05 0.09140625
0 0.4890625 0.53359375 0.09765625 0.20078125
1 0.84453125 0.31328125 0.05 0.08203125
1 0.7046875 0.4484375 0.0734375 0.09296875
1 0.24140625 0.39296875 0.07265625 0.17890625
1 0.9390625 0.52890625 0.07578125 0.153125
1 0.3890625 0.18125 0.03984375 0.09375
1 0.4515625 0.15390625 0.0515625 0.11796875
1 0.8828125 0.38828125 0.0609375 0.0953125
0 0.56875 0.20078125 0.05078125 0.08125
1 0.809375 0.24296875 0.04296875 0.0734375
0 0.71875 0.22109375 0.0390625 0.12421875
1 0.4765625 0.37890625 0.08515625 0.14375
1 0.09453125 0.50859375 0.06171875 0.225
0 0.56328125 0.14296875 0.04765625 0.08828125
1 0.759375 0.27734375 0.04765625 0.1046875
1 0.36328125 0.38203125 0.0875 0.17578125
1 0.62109375 0.41796875 0.08828125 0.125
0 0.31953125 0.15859375 0.05078125 0.146875
1 0.81328125 0.38984375 0.07734375 0.1390625
1 0.3796875 0.26171875 0.0875 0.13671875
