0 0.56328125 0.2109375 0.05234375 0.08203125
0 0.20390625 0.53515625 0.071875 0.17421875
1 0.9375 0.53203125 0.0734375 0.14453125
1 0.65 0.20703125 0.0609375 0.09453125
1 0.7078125 0.440625 0.0859375 0.096875
1 0.24765625 0.36953125 0.07265625 0.175
1 0.3625 0.3859375 0.08828125 0.16796875
1 0.83671875 0.30859375 0.0609375 0.084375
1 0.73046875 0.2359375 0.0609375 0.08828125
1 0.48125 0.37578125 0.06796875 0.121875
1 0.31796875 0.15625 0.04609375 0.1015625
1 0.8015625 0.23359375 0.04296875 0.0734375
1 0.37890625 0.26953125 0.07421875 0.11015625
1 0.8828125 0.403125 0.06171875 0.1109375
1 0.5734375 0.14453125 0.05078125 0.08984375
0 0.63671875 0.13671875 0.0390625 0.090625
0 0.61328125 0.41640625 0.0734375 0.1484375
1 0.39296875 0.1640625 0.03984375 0.0890625
0 0.8109375 0.44609375 0.06171875 0.25390625
1 0.09296875 0.50703125 0.06796875 0.22421875
1 0.4515625 0.1515625 0.05390625 0.115625
1 0.33125 0.55625 0.1140625 0.203125
1 0.4890625 0.54453125 0.09609375 0.196875
0 0.76640625 0.28359375 0.05390625 0.115625
