1 0.771875 0.28671875 0.06171875 0.1015625
0 0.375 0.265625 0.0671875 0.11796875
1 0.70078125 0.4515625 0.08671875 0.09375
0 0.47890625 0.3640625 0.06796875 0.14609375
1 0.93828125 0.528125 0.07109375 0.1515625
0 0.56484375 0.19609375 0.046875 0.09296875
1 0.64921875 0.20625 0.05625 0.09140625
0 0.20546875 0.53359375 0.07109375 0.17890625
1 0.61328125 0.41640625 0.07578125 0.09609375
1 0.63046875 0.15234375 0.04921875 0.075
0 0.83203125 0.29765625 0.04453125 0.0953125
1 0.3625 0.3859375 0.0875 0.1734375
1 0.45234375 0.15546875 0.05234375 0.121875
1 0.5703125 0.14453125 0.05078125 0.08203125
1 0.31953125 0.14296875 0.0484375 0.1140625
1 0.39609375 0.16796875 0.0375 0.09375
1 0.81328125 0.3859375 0.0703125 0.14140625
1 0.7984375 0.22890625 0.0453125 0.0640625
1 0.48984375 0.5359375 0.09296875 0.19140625
1 0.71796875 0.22265625 0.0375 0.1234375
1 0.3328125 0.5640625 0.12265625 0.190625
0 0.88046875 0.390625 0.05078125 0.1234375
0 0.0734375 0.53828125 0.08984375 0.15859375
1 0.24140625 0.39609375 0.07578125 0.15546875
