0 0.2046875 0.5484375 0.07109375 0.16875
1 0.33359375 0.58515625 0.12890625 0.11875
1 0.65234375 0.20625 0.06015625 0.0953125
1 0.79921875 0.23203125 0.04921875 0.0796875
1 0.81171875 0.39453125 0.06171875 0.11171875
0 0.49296875 0.53359375 0.08828125 0.20703125
1 0.70546875 0.4484375 0.0734375 0.09296875
0 0.56875 0.203125 0.04921875 0.07578125
1 0.8828125 0.39140625 0.06171875 0.10390625
1 0.62109375 0.41796875 0.0875 0.125
0 0.453125 0.15546875 0.0515625 0.11875
1 0.56484375 0.14296875 0.05078125 0.09375
1 0.38671875 0.18203125 0.04375 0.08515625
1 0.23828125 0.3921875 0.07578125 0.184375
0 0.375 0.2609375 0.05859375 0.10625
1 0.94140625 0.54765625 0.08203125 0.1359375
1 0.3234375 0.153125 0.04375 0.1515625
1 0.3625 0.3859375 0.09296875 0.175
1 0.7578125 0.28046875 0.04609375 0.11328125
0 0.48828125 0.34921875 0.07265625 0.16015625
0 0.71875 0.2234375 0.03828125 0.1203125
1 0.0953125 0.54609375 0.0578125 0.29453125
1 0.640625 0.16015625 0.065625 0.06796875
1 0.83515625 0.3078125 0.0734375 0.09609375
