0 0.20390625 0.54453125 0.0703125 0.18046875
1 0.33203125 0.58671875 0.12421875 0.11875
0 0.7984375 0.21953125 0.04765625 0.0953125
1 0.84296875 0.30625 0.05078125 0.08828125
1 0.70390625 0.4484375 0.07265625 0.09296875
1 0.6484375 0.20546875 0.05546875 0.09609375
1 0.809375 0.390625 0.06328125 0.12890625
1 0.88203125 0.39609375 0.06015625 0.121875
1 0.62109375 0.41875 0.09140625 0.121875
0 0.775 0.29140625 0.05234375 0.1015625
1 0.3875 0.18671875 0.0484375 0.071875
0 0.45234375 0.1640625 0.05703125 0.09921875
1 0.23984375 0.39609375 0.071875 0.1765625
0 0.5671875 0.1484375 0.059375 0.09296875
1 0.94296875 0.55625 0.0828125 0.1359375
1 0.37421875 0.26640625 0.06484375 0.11171875
0 0.71875 0.22421875 0.04140625 0.1234375
1 0.5640625 0.1984375 0.04921875 0.090625
0 0.63125 0.14375 0.04375 0.08515625
1 0.48828125 0.54296875 0.09765625 0.20078125
0 0.09453125 0.503125 0.0578125 0.228125
1 0.48203125 0.39609375 0.09296875 0.11875
1 0.3625 0.38203125 0.08828125 0.18359375
0 0.3203125 0.1640625 0.04921875 0.13125
