1 0.33359375 0.58359375 0.13046875 0.11953125
1 0.8 0.228125 0.04453125 0.0890625
0 0.20390625 0.54296875 0.07109375 0.175
1 0.7046875 0.446875 0.07265625 0.09375
1 0.8375 0.303125 0.0578125 0.09296875
1 0.3625 0.38203125 0.08828125 0.17578125
1 0.4921875 0.53671875 0.0890625 0.19609375
1 0.62265625 0.41796875 0.08984375 0.1234375
1 0.64765625 0.20390625 0.053125 0.096875
0 0.6328125 0.14921875 0.04765625 0.08828125
1 0.7203125 0.22421875 0.04453125 0.13046875
1 0.56953125 0.14921875 0.05234375 0.08984375
1 0.88203125 0.4140625 0.05859375 0.128125
1 0.4828125 0.38203125 0.08515625 0.14296875
0 0.5640625 0.19296875 0.05078125 0.096875
1 0.9375 0.52421875 0.07421875 0.165625
0 0.45234375 0.16796875 0.05703125 0.096875
1 0.23828125 0.39140625 0.0765625 0.18515625
0 0.09453125 0.50859375 0.05703125 0.23046875
0 0.3203125 0.16015625 0.04921875 0.1203125
1 0.38984375 0.17578125 0.04140625 0.0890625
1 0.36875 0.27109375 0.08359375 0.12890625
1 0.77265625 0.290625 0.0578125 0.11640625
1 0.8109375 0.38984375 0.0765625 0.13515625
