0 0.62578125 0.13671875 0.04453125 0.10546875
1 0.496875 0.50390625 0.08046875 0.2234375
0 0.20390625 0.55234375 0.07421875 0.1859375
0 0.2296875 0.40546875 0.08359375 0.13125
1 0.075 0.53671875 0.07421875 0.16328125
0 0.5703125 0.20390625 0.05234375 0.09921875
1 0.36015625 0.38828125 0.09140625 0.1765625
0 0.84375 0.30390625 0.0484375 0.096875
1 0.33046875 0.578125 0.11640625 0.11640625
0 0.315625 0.178125 0.06015625 0.14296875
1 0.61328125 0.415625 0.075 0.09921875
1 0.3875 0.18671875 0.05546875 0.06640625
1 0.79921875 0.23359375 0.04609375 0.0765625
1 0.5703125 0.15390625 0.04921875 0.06953125
1 0.7296875 0.23671875 0.05859375 0.09296875
1 0.80390625 0.35859375 0.06484375 0.140625
0 0.94296875 0.55859375 0.08359375 0.14375
1 0.88203125 0.3984375 0.0578125 0.10703125
1 0.70234375 0.4484375 0.09375 0.10703125
1 0.65 0.20546875 0.0625 0.0984375
1 0.45234375 0.21953125 0.06015625 0.23828125
1 0.375 0.2546875 0.0828125 0.1375
1 0.4859375 0.34453125 0.1046875 0.18359375
1 0.77734375 0.29375 0.05546875 0.11328125
