0 0.375 0.265625 0.06484375 0.1234375
0 0.39921875 0.17578125 0.0375 0.08359375
1 0.45234375 0.17109375 0.05546875 0.0890625
0 0.33828125 0.54921875 0.12109375 0.18046875
0 0.3609375 0.38828125 0.0859375 0.1640625
1 0.65078125 0.20625 0.06015625 0.09375
0 0.4921875 0.540625 0.08203125 0.20078125
1 0.88203125 0.3984375 0.0609375 0.11640625
0 0.48046875 0.36796875 0.06328125 0.1265625
0 0.6953125 0.4359375 0.07734375 0.1234375
1 0.61328125 0.41640625 0.075 0.1015625
1 0.940625 0.54609375 0.08046875 0.12421875
1 0.81015625 0.3859375 0.06171875 0.1359375
1 0.57109375 0.14140625 0.05625 0.09453125
0 0.79453125 0.2234375 0.04921875 0.090625
0 0.23046875 0.403125 0.07421875 0.16875
0 0.5671875 0.1984375 0.0453125 0.0890625
1 0.315625 0.16171875 0.04765625 0.06875
1 0.77109375 0.28515625 0.0625 0.10390625
0 0.08046875 0.49140625 0.07890625 0.1796875
1 0.18828125 0.57734375 0.09453125 0.2140625
0 0.63046875 0.14453125 0.04453125 0.08828125
1 0.8390625 0.2890625 0.07109375 0.11875
0 0.72109375 0.22421875 0.04296875 0.11796875
