0 0.56640625 0.19921875 0.04609375 0.084375
1 0.69921875 0.44375 0.08671875 0.09296875
1 0.6484375 0.20546875 0.05546875 0.0984375
1 0.79453125 0.228125 0.04921875 0.08125
1 0.18984375 0.58671875 0.09453125 0.18515625
1 0.48984375 0.53828125 0.09453125 0.21015625
1 0.81328125 0.38671875 0.06484375 0.14296875
1 0.37421875 0.26171875 0.06484375 0.121875
0 0.31953125 0.1515625 0.0484375 0.10078125
1 0.61640625 0.41640625 0.07578125 0.13125
1 0.2453125 0.36640625 0.07265625 0.18515625
0 0.71875 0.2359375 0.03984375 0.14375
1 0.63125 0.14296875 0.04375 0.08828125
1 0.45390625 0.15703125 0.04921875 0.11640625
1 0.33125 0.56328125 0.11328125 0.196875
1 0.5734375 0.13671875 0.04453125 0.0890625
1 0.08828125 0.5109375 0.06953125 0.1765625
0 0.884375 0.39140625 0.06015625 0.1296875
1 0.94375 0.54296875 0.08203125 0.125
1 0.390625 0.16484375 0.05234375 0.1140625
1 0.76953125 0.30078125 0.0734375 0.13203125
1 0.83828125 0.29609375 0.06796875 0.11015625
1 0.365625 0.3890625 0.10078125 0.19296875
0 0.47421875 0.3703125 0.07265625 0.15078125
