0 0.2046875 0.54765625 0.0703125 0.165625
1 0.79921875 0.23203125 0.04921875 0.0796875
1 0.70625 0.44921875 0.07421875 0.09140625
1 0.45 0.15703125 0.0546875 0.10546875
1 0.3328125 0.58515625 0.1265625 0.11875
0 0.49296875 0.53203125 0.08828125 0.20703125
1 0.6203125 0.41953125 0.08984375 0.11953125
1 0.65078125 0.20703125 0.05859375 0.09296875
1 0.81015625 0.39453125 0.06015625 0.11015625
1 0.2390625 0.39453125 0.07578125 0.1796875
1 0.8390625 0.30859375 0.0578125 0.0953125
0 0.88125 0.38671875 0.06171875 0.11484375
1 0.9375 0.53359375 0.07109375 0.146875
1 0.5640625 0.14921875 0.05234375 0.08984375
1 0.38671875 0.17890625 0.04453125 0.09140625
0 0.63125 0.14296875 0.0453125 0.084375
0 0.5703125 0.20390625 0.04921875 0.0734375
0 0.37265625 0.26953125 0.0625 0.096875
1 0.36640625 0.38515625 0.08515625 0.17421875
1 0.7578125 0.278125 0.04609375 0.109375
0 0.71796875 0.22265625 0.03828125 0.12109375
1 0.48359375 0.353125 0.0640625 0.15703125
1 0.09453125 0.51015625 0.05859375 0.2296875
1 0.3234375 0.1609375 0.0453125 0.17109375
