0 0.56953125 0.20390625 0.05078125 0.09375
1 0.7984375 0.23125 0.0453125 0.0734375
1 0.70546875 0.4484375 0.07421875 0.09296875
1 0.23828125 0.390625 0.07265625 0.18828125
1 0.3640625 0.378125 0.08671875 0.171875
1 0.65078125 0.20703125 0.06171875 0.09609375
0 0.3328125 0.55859375 0.1046875 0.21796875
1 0.4921875 0.54296875 0.08984375 0.215625
1 0.80859375 0.38828125 0.06171875 0.13046875
1 0.1921875 0.58359375 0.09609375 0.146875
0 0.0953125 0.50078125 0.0546875 0.2203125
1 0.6140625 0.41171875 0.06640625 0.14609375
0 0.571875 0.14453125 0.0515625 0.09140625
0 0.63046875 0.15390625 0.04921875 0.08828125
1 0.38828125 0.178125 0.0375 0.08671875
1 0.88203125 0.42421875 0.0578125 0.153125
0 0.45 0.16015625 0.05546875 0.10703125
1 0.48125 0.38203125 0.08671875 0.13359375
0 0.83828125 0.30078125 0.05703125 0.0984375
0 0.73046875 0.22890625 0.06171875 0.11171875
1 0.37890625 0.2609375 0.05703125 0.10859375
1 0.95 0.528125 0.07890625 0.178125
0 0.3171875 0.15078125 0.071875 0.1234375
1 0.771875 0.2890625 0.06171875 0.08515625
