0 0.5640625 0.20546875 0.04765625 0.07421875
1 0.7 0.45078125 0.0859375 0.09296875
1 0.48203125 0.3671875 0.0703125 0.1453125
0 0.23671875 0.40625 0.075 0.16796875
0 0.49140625 0.53515625 0.09140625 0.209375
1 0.646875 0.20390625 0.05390625 0.096875
0 0.8375 0.3015625 0.05703125 0.096875
1 0.45078125 0.15703125 0.05234375 0.11484375
1 0.7984375 0.22421875 0.04296875 0.08828125
1 0.57109375 0.14609375 0.0515625 0.090625
1 0.6140625 0.415625 0.07578125 0.096875
1 0.940625 0.5359375 0.07890625 0.146875
0 0.0796875 0.50625 0.07265625 0.20625
0 0.6296875 0.1390625 0.0421875 0.08671875
1 0.31953125 0.14296875 0.04765625 0.1140625
0 0.76640625 0.28671875 0.04453125 0.10390625
1 0.3953125 0.17109375 0.03671875 0.090625
1 0.3359375 0.54140625 0.1171875 0.20546875
1 0.19296875 0.58359375 0.0859375 0.1453125
0 0.88125 0.38359375 0.0515625 0.13203125
1 0.80859375 0.38515625 0.06171875 0.13515625
0 0.37578125 0.25390625 0.06328125 0.115625
0 0.71796875 0.22421875 0.0375 0.12109375
0 0.3609375 0.3765625 0.08515625 0.1265625
