0 0.56328125 0.21015625 0.05234375 0.08125
1 0.33046875 0.5609375 0.1140625 0.1953125
1 0.93828125 0.52890625 0.07265625 0.146875
1 0.3625 0.38671875 0.08828125 0.16484375
1 0.65 0.20859375 0.06171875 0.0953125
1 0.69921875 0.44375 0.08515625 0.09296875
1 0.79609375 0.23359375 0.05078125 0.075
1 0.7328125 0.23671875 0.06640625 0.09296875
1 0.18671875 0.59375 0.0984375 0.121875
1 0.83828125 0.30859375 0.05625 0.084375
1 0.4515625 0.15625 0.05390625 0.115625
1 0.7765625 0.303125 0.05859375 0.0890625
1 0.24765625 0.36953125 0.0703125 0.17890625
1 0.09453125 0.50859375 0.05703125 0.215625
1 0.61640625 0.41640625 0.07578125 0.1390625
0 0.63671875 0.14140625 0.03671875 0.08125
0 0.8828125 0.39453125 0.0609375 0.12890625
1 0.5734375 0.14453125 0.05078125 0.08828125
1 0.31796875 0.153125 0.04609375 0.10390625
1 0.3921875 0.16875 0.04296875 0.09609375
1 0.4890625 0.54296875 0.09609375 0.203125
1 0.48046875 0.37265625 0.06640625 0.125
1 0.3796875 0.26640625 0.0703125 0.11875
1 0.8109375 0.44609375 0.06328125 0.2484375
