0 0.57265625 0.20859375 0.0546875 0.0640625
1 0.83828125 0.30546875 0.05703125 0.09296875
0 0.49375 0.528125 0.0875 0.20703125
1 0.79921875 0.23203125 0.04765625 0.08359375
1 0.70625 0.4484375 0.0796875 0.09609375
1 0.33125 0.5859375 0.12265625 0.11796875
1 0.65078125 0.20546875 0.05859375 0.09296875
0 0.93828125 0.52109375 0.07265625 0.171875
1 0.8109375 0.39296875 0.0609375 0.115625
1 0.62109375 0.42109375 0.090625 0.11875
1 0.36484375 0.3765625 0.08671875 0.18046875
1 0.63359375 0.14296875 0.03984375 0.096875
1 0.0796875 0.50390625 0.071875 0.21171875
1 0.3890625 0.18046875 0.04921875 0.0890625
1 0.56875 0.14453125 0.05625 0.084375
1 0.32109375 0.14765625 0.04921875 0.13203125
1 0.19140625 0.540625 0.0984375 0.23203125
0 0.71796875 0.2234375 0.03828125 0.1203125
1 0.88125 0.39140625 0.0578125 0.128125
1 0.7578125 0.2765625 0.0453125 0.10625
1 0.2390625 0.39921875 0.07734375 0.18203125
0 0.48671875 0.35078125 0.06953125 0.159375
1 0.45078125 0.15078125 0.05390625 0.1203125
0 0.37734375 0.265625 0.0671875 0.13125
