0 0.203125 0.54765625 0.06953125 0.165625
1 0.33359375 0.584375 0.12890625 0.1203125
1 0.7046875 0.4484375 0.07421875 0.09296875
1 0.6515625 0.20625 0.06015625 0.09375
0 0.4890625 0.53359375 0.096875 0.20078125
0 0.4796875 0.3734375 0.09140625 0.14453125
1 0.240625 0.39375 0.07265625 0.178125
1 0.8453125 0.3140625 0.04765625 0.08125
0 0.62890625 0.14375 0.04375 0.09609375
1 0.8828125 0.38828125 0.06015625 0.0953125
0 0.56953125 0.19921875 0.04921875 0.08203125
1 0.3890625 0.18203125 0.03828125 0.09453125
0 0.37578125 0.25703125 0.06328125 0.13359375
0 0.56640625 0.14140625 0.04921875 0.090625
1 0.09375 0.50859375 0.05859375 0.225
1 0.809375 0.24296875 0.04296875 0.0734375
0 0.3203125 0.14140625 0.04921875 0.11484375
1 0.93515625 0.534375 0.06953125 0.16875
0 0.45 0.15390625 0.0515625 0.11953125
0 0.71875 0.21953125 0.0390625 0.1234375
1 0.62109375 0.41875 0.08828125 0.12421875
1 0.759375 0.27265625 0.04609375 0.0953125
0 0.36328125 0.38203125 0.0875 0.178125
1 0.81171875 0.37109375 0.065625 0.1296875
