0 0.20390625 0.54375 0.06953125 0.16328125
1 0.6515625 0.20625 0.06015625 0.09375
0 0.4890625 0.53515625 0.09765625 0.2
1 0.70546875 0.4484375 0.07421875 0.09296875
1 0.240625 0.39375 0.07265625 0.1796875
1 0.84375 0.3140625 0.05 0.08125
1 0.4796875 0.37734375 0.08984375 0.1453125
1 0.33359375 0.578125 0.11953125 0.13671875
1 0.38984375 0.18125 0.03984375 0.0953125
1 0.9390625 0.52890625 0.07578125 0.153125
0 0.5703125 0.20078125 0.04921875 0.08359375
1 0.63125 0.14609375 0.05 0.09296875
1 0.8828125 0.3890625 0.06015625 0.1
1 0.809375 0.24296875 0.04453125 0.0734375
1 0.56328125 0.140625 0.04765625 0.08984375
1 0.71796875 0.22109375 0.03984375 0.12421875
1 0.09453125 0.51171875 0.06171875 0.23359375
0 0.3203125 0.1609375 0.0515625 0.14375
1 0.621875 0.41875 0.0890625 0.12421875
1 0.759375 0.28125 0.04765625 0.11171875
0 0.45703125 0.17890625 0.05625 0.075
0 0.3640625 0.38515625 0.08828125 0.18125
1 0.3765625 0.25703125 0.05859375 0.1328125
1 0.81640625 0.38203125 0.0671875 0.1421875
