0 0.56328125 0.2109375 0.05234375 0.08203125
1 0.9375 0.534375 0.0734375 0.1390625
1 0.36328125 0.38671875 0.08828125 0.16484375
1 0.65078125 0.20703125 0.0609375 0.09453125
1 0.79921875 0.2265625 0.05 0.0859375
1 0.7328125 0.23671875 0.06640625 0.09296875
1 0.37890625 0.26953125 0.075 0.115625
1 0.7765625 0.3015625 0.05859375 0.0859375
1 0.83984375 0.30859375 0.05546875 0.08203125
1 0.7 0.44296875 0.0859375 0.10078125
1 0.4515625 0.15703125 0.05234375 0.11484375
1 0.48046875 0.37578125 0.06796875 0.1203125
1 0.88359375 0.3984375 0.06171875 0.11875
1 0.20078125 0.53046875 0.0765625 0.1890625
1 0.615625 0.41796875 0.07578125 0.14375
1 0.31796875 0.15390625 0.04765625 0.103125
1 0.38984375 0.165625 0.046875 0.09140625
1 0.24765625 0.36953125 0.07265625 0.17890625
1 0.5734375 0.14453125 0.05078125 0.08984375
1 0.33203125 0.55703125 0.1125 0.2
1 0.63203125 0.14140625 0.03671875 0.08515625
1 0.4890625 0.54609375 0.09609375 0.1984375
1 0.08828125 0.50625 0.08828125 0.228125
1 0.81640625 0.3921875 0.07890625 0.15859375
