0 0.56640625 0.20078125 0.04609375 0.08359375
1 0.7984375 0.23359375 0.0453125 0.075
1 0.3625 0.38203125 0.08828125 0.171875
1 0.65 0.20703125 0.05859375 0.09296875
0 0.24765625 0.365625 0.075 0.175
0 0.0875 0.51328125 0.0703125 0.184375
0 0.33203125 0.55703125 0.11171875 0.21875
1 0.94296875 0.540625 0.08046875 0.1359375
1 0.6984375 0.44140625 0.08828125 0.09609375
1 0.48828125 0.53828125 0.09609375 0.21171875
1 0.7203125 0.22421875 0.0421875 0.125
1 0.39140625 0.16640625 0.04375 0.09453125
0 0.63125 0.14296875 0.04296875 0.08828125
1 0.61640625 0.41640625 0.07578125 0.13515625
1 0.88203125 0.3984375 0.06171875 0.1203125
0 0.5734375 0.14140625 0.05078125 0.0890625
1 0.45234375 0.1609375 0.0484375 0.125
1 0.47109375 0.36328125 0.07265625 0.1453125
1 0.83984375 0.30625 0.053125 0.08828125
1 0.1890625 0.58984375 0.10078125 0.159375
1 0.8125 0.3984375 0.06328125 0.1515625
1 0.31953125 0.15703125 0.04921875 0.11328125
1 0.37734375 0.25234375 0.0875 0.1328125
0 0.775 0.29375 0.07421875 0.10546875
