1 0.70703125 0.44921875 0.07734375 0.09375
1 0.23828125 0.39921875 0.07265625 0.16796875
0 0.2046875 0.5484375 0.0703125 0.16640625
1 0.334375 0.58828125 0.1265625 0.11796875
0 0.49296875 0.53125 0.08828125 0.2046875
1 0.62109375 0.415625 0.08828125 0.1234375
1 0.79921875 0.23125 0.04921875 0.08046875
1 0.81015625 0.39609375 0.05859375 0.109375
0 0.56953125 0.20390625 0.04921875 0.075
1 0.65078125 0.20703125 0.05859375 0.09296875
1 0.3640625 0.384375 0.0859375 0.1640625
1 0.56484375 0.1515625 0.05234375 0.0859375
1 0.83984375 0.3109375 0.05703125 0.08828125
1 0.88046875 0.39140625 0.06015625 0.1015625
1 0.45078125 0.15703125 0.05390625 0.109375
0 0.93984375 0.53125 0.08046875 0.1546875
1 0.7578125 0.2859375 0.04765625 0.1234375
1 0.09375 0.50703125 0.05546875 0.22578125
0 0.6296875 0.14453125 0.04140625 0.08046875
1 0.38828125 0.17890625 0.04375 0.09375
0 0.71796875 0.22265625 0.03828125 0.11953125
0 0.4828125 0.3515625 0.0609375 0.16015625
1 0.37421875 0.28359375 0.084375 0.1171875
1 0.31953125 0.14140625 0.0640625 0.1328125
