0 0.56640625 0.20390625 0.04453125 0.09375
1 0.79921875 0.23046875 0.04375 0.07578125
1 0.6515625 0.20859375 0.06015625 0.09921875
0 0.49296875 0.5359375 0.08984375 0.20078125
1 0.9421875 0.5265625 0.07265625 0.16953125
1 0.18984375 0.58203125 0.096875 0.15
1 0.2359375 0.390625 0.084375 0.17890625
1 0.32734375 0.59296875 0.1140625 0.15859375
1 0.70078125 0.43125 0.08828125 0.096875
1 0.80859375 0.39296875 0.0625 0.125
0 0.453125 0.16328125 0.0546875 0.096875
1 0.8390625 0.29921875 0.053125 0.09140625
1 0.48359375 0.378125 0.08359375 0.13671875
1 0.88203125 0.39375 0.0546875 0.1109375
0 0.575 0.14375 0.0546875 0.1
1 0.36328125 0.37421875 0.0875 0.16171875
1 0.73125 0.2265625 0.06171875 0.1140625
1 0.6125 0.41171875 0.06796875 0.14453125
0 0.09453125 0.50078125 0.05703125 0.23125
0 0.63125 0.1484375 0.0453125 0.08125
1 0.3921875 0.17890625 0.04140625 0.08828125
0 0.3203125 0.16640625 0.05 0.13125
1 0.3765625 0.24609375 0.0609375 0.1390625
1 0.77578125 0.29375 0.0828125 0.11875
