0 0.565625 0.19921875 0.04609375 0.084375
1 0.65078125 0.20625 0.05859375 0.09375
0 0.0859375 0.51171875 0.06640625 0.1796875
1 0.84140625 0.30703125 0.05078125 0.08671875
1 0.33046875 0.565625 0.11484375 0.18203125
1 0.48828125 0.5359375 0.0953125 0.19921875
1 0.1890625 0.56875 0.0890625 0.1609375
0 0.88046875 0.390625 0.05390625 0.1234375
1 0.6140625 0.41640625 0.07578125 0.13671875
1 0.246875 0.37109375 0.07265625 0.18125
1 0.94296875 0.54140625 0.08125 0.1296875
1 0.571875 0.13828125 0.04296875 0.08984375
1 0.6296875 0.14765625 0.04609375 0.0734375
1 0.36328125 0.38203125 0.0890625 0.1703125
1 0.70078125 0.440625 0.08828125 0.11015625
1 0.79921875 0.2234375 0.04453125 0.0796875
0 0.31953125 0.153125 0.05 0.10546875
1 0.453125 0.16015625 0.0484375 0.1296875
1 0.4703125 0.396875 0.07421875 0.1140625
0 0.77265625 0.28671875 0.05078125 0.1015625
1 0.38984375 0.17421875 0.040625 0.0859375
1 0.71796875 0.22421875 0.03828125 0.125
1 0.37578125 0.24921875 0.08828125 0.13984375
1 0.8125 0.37890625 0.08828125 0.1640625
