1 0.1875 0.540625 0.1 0.22109375
0 0.57265625 0.20859375 0.05390625 0.0640625
1 0.3328125 0.58828125 0.13046875 0.11953125
0 0.49296875 0.5265625 0.08671875 0.21015625
1 0.79921875 0.23203125 0.04765625 0.08125
0 0.9375 0.51328125 0.07109375 0.1859375
1 0.83828125 0.30703125 0.05703125 0.09453125
0 0.48671875 0.35078125 0.06796875 0.15546875
1 0.70546875 0.44765625 0.075 0.09375
1 0.65078125 0.20625 0.0578125 0.09375
1 0.45078125 0.15078125 0.0546875 0.11875
1 0.81015625 0.39375 0.06171875 0.11640625
1 0.56875 0.14453125 0.05625 0.084375
1 0.62109375 0.41953125 0.0890625 0.11796875
1 0.0796875 0.50546875 0.06953125 0.21328125
1 0.3203125 0.13515625 0.0484375 0.1015625
0 0.3640625 0.378125 0.0859375 0.17578125
1 0.88125 0.409375 0.06015625 0.1390625
1 0.3890625 0.17890625 0.03671875 0.08828125
1 0.7578125 0.2765625 0.04609375 0.10625
1 0.71796875 0.22109375 0.0375 0.12421875
0 0.2484375 0.3921875 0.090625 0.18984375
0 0.37578125 0.2453125 0.08203125 0.146875
1 0.6328125 0.13828125 0.05234375 0.1171875
