0 0.56640625 0.19921875 0.04609375 0.084375
1 0.79609375 0.23203125 0.04921875 0.07421875
0 0.08828125 0.51328125 0.07109375 0.18828125
1 0.65 0.20703125 0.05859375 0.0953125
1 0.36328125 0.38203125 0.08828125 0.171875
1 0.83828125 0.30859375 0.05625 0.08203125
1 0.4796875 0.36171875 0.0765625 0.13515625
0 0.9390625 0.52421875 0.07578125 0.16171875
1 0.1890625 0.58203125 0.0984375 0.140625
1 0.33125 0.559375 0.11171875 0.2203125
1 0.6984375 0.44140625 0.08671875 0.09609375
1 0.2484375 0.36796875 0.07265625 0.175
1 0.45234375 0.15859375 0.04921875 0.11796875
1 0.7765625 0.30078125 0.0546875 0.08515625
1 0.615625 0.41796875 0.07421875 0.13828125
1 0.88203125 0.39921875 0.06015625 0.12109375
0 0.3203125 0.153125 0.04921875 0.10390625
1 0.5734375 0.14140625 0.05 0.08515625
1 0.4890625 0.540625 0.09609375 0.21171875
0 0.63046875 0.13984375 0.04375 0.08671875
0 0.73046875 0.2265625 0.05859375 0.11953125
0 0.39140625 0.16796875 0.04453125 0.09375
1 0.8109375 0.40390625 0.059375 0.16171875
0 0.37734375 0.26875 0.075 0.11328125
