1 0.33125 0.56640625 0.12421875 0.17421875
0 0.2046875 0.5359375 0.06953125 0.175
1 0.93828125 0.53203125 0.06953125 0.14609375
1 0.70078125 0.44921875 0.08671875 0.096875
1 0.7984375 0.23125 0.04609375 0.06796875
0 0.2390625 0.40078125 0.07578125 0.14296875
1 0.81015625 0.39296875 0.06328125 0.1234375
1 0.36171875 0.3859375 0.08828125 0.17109375
1 0.61328125 0.415625 0.07578125 0.096875
0 0.6328125 0.15546875 0.04921875 0.0703125
0 0.375 0.2640625 0.0671875 0.11875
1 0.65078125 0.20703125 0.05859375 0.09296875
1 0.88203125 0.39296875 0.05546875 0.11796875
0 0.08046875 0.53359375 0.07890625 0.16171875
1 0.4796875 0.37421875 0.07109375 0.1265625
1 0.5734375 0.14921875 0.05859375 0.0796875
1 0.39453125 0.16640625 0.0375 0.0890625
1 0.31953125 0.1484375 0.04921875 0.10703125
1 0.48984375 0.54140625 0.09375 0.2
1 0.72578125 0.2046875 0.03984375 0.1203125
0 0.45546875 0.1546875 0.06171875 0.17734375
0 0.5671875 0.21328125 0.0671875 0.11875
1 0.7671875 0.2828125 0.0859375 0.13359375
1 0.840625 0.2953125 0.0875 0.12109375
