0 0.56484375 0.20390625 0.04609375 0.075
1 0.7 0.45078125 0.08671875 0.09296875
0 0.7796875 0.29765625 0.05078125 0.09140625
0 0.36015625 0.378125 0.08359375 0.1296875
1 0.79765625 0.22890625 0.046875 0.0765625
1 0.88203125 0.3890625 0.05390625 0.121875
1 0.65 0.20390625 0.06015625 0.09921875
1 0.45078125 0.15703125 0.05234375 0.11484375
0 0.63046875 0.14140625 0.04375 0.08671875
1 0.18828125 0.5734375 0.09296875 0.16875
0 0.07734375 0.51015625 0.08125 0.18515625
0 0.83828125 0.30390625 0.06171875 0.09921875
0 0.23515625 0.3765625 0.075 0.16171875
0 0.49375 0.53671875 0.08828125 0.18125
1 0.93828125 0.53203125 0.07578125 0.1453125
1 0.61328125 0.4140625 0.07421875 0.0984375
1 0.5703125 0.14453125 0.05078125 0.08984375
1 0.3203125 0.14765625 0.04765625 0.10859375
0 0.4734375 0.384375 0.0734375 0.159375
1 0.71796875 0.22421875 0.03828125 0.11953125
0 0.39609375 0.16875 0.03671875 0.09296875
1 0.3359375 0.5484375 0.11484375 0.2015625
0 0.3765625 0.25859375 0.08671875 0.1453125
0 0.815625 0.38515625 0.0890625 0.1859375
