1 0.79609375 0.22890625 0.04765625 0.0734375
0 0.7734375 0.29609375 0.06171875 0.0984375
1 0.6515625 0.20703125 0.06171875 0.09609375
1 0.48125 0.3765625 0.07578125 0.146875
1 0.33125 0.58671875 0.1203125 0.1515625
1 0.23828125 0.40390625 0.08046875 0.15078125
1 0.73203125 0.23203125 0.0640625 0.0984375
0 0.56875 0.14453125 0.0484375 0.08984375
0 0.384375 0.23671875 0.05859375 0.14453125
0 0.571875 0.18515625 0.05 0.09140625
1 0.8375 0.30859375 0.05546875 0.08828125
1 0.88203125 0.39453125 0.0546875 0.11015625
1 0.4921875 0.53515625 0.08984375 0.19609375
1 0.3625 0.38046875 0.0875 0.1796875
1 0.1890625 0.5546875 0.08828125 0.1703125
0 0.63359375 0.14453125 0.04296875 0.08125
1 0.70078125 0.43671875 0.0875 0.11484375
1 0.09375 0.503125 0.0625 0.22421875
0 0.31953125 0.16171875 0.05 0.12421875
1 0.38515625 0.17734375 0.05078125 0.0859375
1 0.9375 0.5234375 0.0765625 0.16875
1 0.61875 0.41328125 0.06171875 0.15859375
0 0.45625 0.1578125 0.065625 0.1484375
1 0.81640625 0.38671875 0.0796875 0.14296875
