0 0.20390625 0.54765625 0.06875 0.16953125
1 0.7046875 0.4484375 0.07109375 0.09296875
1 0.33359375 0.584375 0.12890625 0.11875
0 0.48828125 0.5359375 0.09609375 0.1984375
0 0.23984375 0.39140625 0.071875 0.17421875
0 0.63046875 0.14453125 0.04765625 0.08984375
1 0.84296875 0.30859375 0.0515625 0.09140625
1 0.6515625 0.20625 0.059375 0.096875
1 0.8859375 0.3890625 0.06171875 0.1015625
1 0.621875 0.415625 0.08671875 0.134375
1 0.80859375 0.24140625 0.04140625 0.06875
1 0.4515625 0.16171875 0.0578125 0.0984375
1 0.9390625 0.5234375 0.07578125 0.16484375
0 0.56875 0.14375 0.05234375 0.08671875
1 0.0953125 0.50625 0.05234375 0.23203125
1 0.3625 0.38203125 0.0875 0.18125
1 0.71953125 0.21953125 0.03984375 0.12109375
0 0.31953125 0.1546875 0.05234375 0.13984375
0 0.38984375 0.17890625 0.04609375 0.08984375
1 0.759375 0.27578125 0.04375 0.10546875
0 0.5703125 0.190625 0.046875 0.103125
1 0.809375 0.38203125 0.05859375 0.125
1 0.48046875 0.3875 0.10859375 0.134375
1 0.37578125 0.25703125 0.08515625 0.1234375
