0 0.2046875 0.553125 0.07421875 0.18671875
1 0.70234375 0.44765625 0.09140625 0.10625
0 0.4953125 0.50625 0.0828125 0.2265625
0 0.37578125 0.26015625 0.06484375 0.12421875
1 0.33046875 0.578125 0.11328125 0.11640625
1 0.3609375 0.3890625 0.09140625 0.17421875
1 0.3890625 0.18671875 0.0546875 0.06640625
1 0.73046875 0.23671875 0.06015625 0.09296875
1 0.5703125 0.15625 0.05234375 0.0734375
1 0.61328125 0.4140625 0.07421875 0.1
1 0.65 0.20546875 0.0625 0.0984375
0 0.30390625 0.165625 0.05234375 0.134375
0 0.84375 0.30546875 0.05078125 0.09296875
1 0.796875 0.23125 0.04921875 0.06953125
1 0.23359375 0.4015625 0.08203125 0.15625
1 0.45234375 0.15546875 0.05703125 0.1109375
1 0.8828125 0.39765625 0.05859375 0.10625
0 0.1015625 0.565625 0.0609375 0.284375
0 0.78828125 0.29375 0.05546875 0.08359375
0 0.6234375 0.153125 0.0421875 0.0890625
1 0.9421875 0.559375 0.08203125 0.140625
0 0.48203125 0.35546875 0.06796875 0.13515625
1 0.57578125 0.20078125 0.0734375 0.121875
0 0.8078125 0.37421875 0.071875 0.1546875
