0 0.57265625 0.19921875 0.05078125 0.08828125
1 0.3296875 0.57109375 0.11328125 0.1703125
1 0.48203125 0.378125 0.07734375 0.1484375
1 0.7984375 0.22890625 0.0453125 0.075
1 0.70390625 0.440625 0.08671875 0.103125
1 0.6515625 0.20859375 0.06328125 0.096875
1 0.4921875 0.53671875 0.0890625 0.19609375
0 0.7671875 0.29296875 0.05234375 0.103125
1 0.39296875 0.17890625 0.0375 0.09140625
1 0.88203125 0.39453125 0.05703125 0.11015625
1 0.2375 0.38515625 0.07421875 0.1890625
1 0.18828125 0.57890625 0.11015625 0.1765625
1 0.56796875 0.14140625 0.05078125 0.09609375
1 0.09453125 0.49765625 0.0546875 0.20859375
0 0.63125 0.14765625 0.04453125 0.09140625
1 0.8421875 0.303125 0.04765625 0.09453125
0 0.4546875 0.1609375 0.05234375 0.1046875
1 0.61875 0.41171875 0.06953125 0.1609375
1 0.93515625 0.52421875 0.07265625 0.1640625
0 0.36171875 0.38203125 0.08359375 0.18125
0 0.3203125 0.15703125 0.04921875 0.11875
1 0.37890625 0.240625 0.06796875 0.1375
1 0.73046875 0.22109375 0.06328125 0.10703125
0 0.80625 0.3609375 0.0703125 0.15625
