0 0.57421875 0.190625 0.04453125 0.103125
0 0.625 0.16171875 0.03828125 0.10703125
0 0.2046875 0.54609375 0.0703125 0.16484375
0 0.378125 0.253125 0.06640625 0.12421875
1 0.2375 0.390625 0.08203125 0.15625
0 0.4515625 0.153125 0.05078125 0.1203125
0 0.79921875 0.35546875 0.0625 0.13125
0 0.49375 0.52890625 0.0796875 0.2046875
1 0.79921875 0.23203125 0.04609375 0.08125
1 0.7 0.44453125 0.08125 0.09921875
1 0.31640625 0.15546875 0.04921875 0.1015625
1 0.8828125 0.42890625 0.0609375 0.1734375
1 0.84375 0.30859375 0.04765625 0.08203125
1 0.65 0.20390625 0.05859375 0.096875
1 0.6125 0.41640625 0.07421875 0.0984375
0 0.0921875 0.50625 0.07265625 0.21796875
1 0.396875 0.16640625 0.03515625 0.09296875
1 0.71796875 0.2265625 0.0375 0.125
1 0.32734375 0.54453125 0.10625 0.18828125
1 0.56640625 0.14375 0.04140625 0.08125
0 0.36015625 0.38125 0.08203125 0.1734375
1 0.9375 0.52890625 0.07890625 0.165625
0 0.47734375 0.36796875 0.08984375 0.1796875
1 0.771875 0.3015625 0.06171875 0.1390625
