0 0.57109375 0.13984375 0.046875 0.0890625
0 0.4875 0.51796875 0.1296875 0.21796875
0 0.93828125 0.54609375 0.08125 0.171875
1 0.39453125 0.16640625 0.0390625 0.0890625
0 0.3640625 0.37421875 0.08046875 0.18828125
0 0.1953125 0.565625 0.08828125 0.17109375
1 0.7015625 0.44609375 0.0921875 0.1109375
1 0.83359375 0.30703125 0.05546875 0.08359375
0 0.32734375 0.54453125 0.1078125 0.17109375
0 0.62421875 0.1515625 0.04453125 0.084375
1 0.8 0.2296875 0.0421875 0.0796875
0 0.8640625 0.4109375 0.0578125 0.21171875
0 0.81171875 0.425 0.0734375 0.26796875
1 0.31484375 0.16015625 0.05078125 0.11875
0 0.0828125 0.503125 0.07421875 0.22421875
1 0.23515625 0.390625 0.0765625 0.16015625
1 0.61328125 0.41484375 0.0734375 0.1
0 0.784375 0.2921875 0.05859375 0.11796875
0 0.45234375 0.159375 0.05234375 0.13125
0 0.48125 0.34453125 0.06328125 0.16015625
0 0.5734375 0.209375 0.06796875 0.10234375
1 0.6515625 0.2 0.071875 0.11171875
0 0.72890625 0.22421875 0.059375 0.140625
0 0.38046875 0.25703125 0.08046875 0.1703125
