0 0.20390625 0.54921875 0.06953125 0.16953125
1 0.33359375 0.58671875 0.13203125 0.11875
0 0.4890625 0.53984375 0.09609375 0.190625
1 0.6515625 0.20625 0.06015625 0.09375
0 0.4796875 0.38046875 0.08828125 0.1484375
1 0.84453125 0.3109375 0.04921875 0.08828125
1 0.7046875 0.4484375 0.07265625 0.09296875
1 0.45078125 0.16328125 0.05859375 0.0953125
1 0.7609375 0.27578125 0.0484375 0.10546875
1 0.38671875 0.18203125 0.04453125 0.0953125
1 0.3734375 0.26875 0.0640625 0.1203125
1 0.93828125 0.528125 0.075 0.1609375
0 0.63046875 0.14375 0.04453125 0.08671875
1 0.809375 0.24140625 0.0390625 0.06875
1 0.621875 0.42109375 0.08984375 0.128125
1 0.8828125 0.3859375 0.05703125 0.103125
0 0.56953125 0.14765625 0.06171875 0.08828125
0 0.0953125 0.50546875 0.05546875 0.23125
0 0.5703125 0.19140625 0.05234375 0.09609375
1 0.23828125 0.39375 0.07578125 0.1796875
0 0.71796875 0.22109375 0.03828125 0.121875
0 0.3203125 0.14453125 0.05078125 0.11796875
1 0.3609375 0.38359375 0.1078125 0.19140625
1 0.81328125 0.3859375 0.06640625 0.16328125
