1 0.7 0.45078125 0.08671875 0.09453125
0 0.56171875 0.18828125 0.05234375 0.10859375
0 0.33515625 0.56328125 0.11796875 0.19375
0 0.48203125 0.35546875 0.06796875 0.159375
1 0.64765625 0.20390625 0.05390625 0.096875
0 0.375 0.26015625 0.06484375 0.128125
1 0.8390625 0.30625 0.05546875 0.0859375
1 0.77734375 0.290625 0.05234375 0.10078125
0 0.23671875 0.38515625 0.06640625 0.15
1 0.45078125 0.15703125 0.05234375 0.11484375
1 0.61328125 0.415625 0.07578125 0.0953125
0 0.48828125 0.5296875 0.08671875 0.2203125
1 0.88203125 0.39609375 0.05625 0.109375
0 0.07734375 0.49609375 0.075 0.18671875
1 0.56875 0.1359375 0.04375 0.09921875
1 0.1875 0.578125 0.09453125 0.1984375
1 0.3203125 0.14140625 0.04609375 0.11484375
0 0.94140625 0.540625 0.08203125 0.13984375
0 0.71796875 0.2265625 0.0359375 0.1234375
1 0.3625 0.38359375 0.08671875 0.1734375
0 0.62890625 0.14609375 0.04296875 0.0890625
1 0.38828125 0.16640625 0.06484375 0.1359375
1 0.79296875 0.21796875 0.06953125 0.096875
1 0.8171875 0.37421875 0.071875 0.1734375
