0 0.20546875 0.53984375 0.06875 0.1609375
0 0.57109375 0.196875 0.04921875 0.0953125
1 0.65078125 0.20625 0.05625 0.0859375
1 0.3265625 0.59375 0.11015625 0.178125
1 0.38984375 0.17421875 0.04453125 0.08828125
0 0.45390625 0.1609375 0.05390625 0.10859375
1 0.79765625 0.23046875 0.04609375 0.071875
0 0.3203125 0.1484375 0.04921875 0.0984375
1 0.73125 0.23203125 0.06171875 0.09609375
1 0.61328125 0.39609375 0.06484375 0.15703125
0 0.56875 0.140625 0.05078125 0.10078125
1 0.49140625 0.53828125 0.090625 0.19140625
1 0.6953125 0.43046875 0.07734375 0.11875
0 0.09609375 0.50625 0.07109375 0.23046875
1 0.8125 0.38359375 0.06640625 0.14140625
1 0.8828125 0.3984375 0.05390625 0.1109375
1 0.375 0.26171875 0.06640625 0.11640625
0 0.9328125 0.5234375 0.07109375 0.16640625
1 0.2453125 0.37109375 0.07265625 0.18125
1 0.36484375 0.38046875 0.0921875 0.1796875
1 0.48046875 0.365625 0.08046875 0.165625
0 0.63125 0.14140625 0.04453125 0.08125
1 0.7703125 0.284375 0.071875 0.109375
1 0.83671875 0.29609375 0.08203125 0.11875
