0 0.2046875 0.5484375 0.0703125 0.1703125
1 0.33359375 0.584375 0.12890625 0.11875
1 0.65078125 0.20625 0.05546875 0.09375
1 0.2390625 0.390625 0.07578125 0.184375
1 0.79921875 0.23203125 0.04921875 0.08125
0 0.49296875 0.53203125 0.08828125 0.2046875
1 0.70625 0.44765625 0.07421875 0.0953125
1 0.8109375 0.39453125 0.06015625 0.11171875
1 0.3640625 0.38359375 0.09140625 0.1765625
1 0.62109375 0.42109375 0.08828125 0.128125
0 0.56953125 0.203125 0.05 0.07578125
1 0.45234375 0.159375 0.05 0.11875
1 0.88125 0.39140625 0.0625 0.10390625
1 0.38671875 0.18203125 0.04296875 0.08515625
1 0.565625 0.14296875 0.05 0.0953125
1 0.09453125 0.53203125 0.05859375 0.27421875
1 0.94140625 0.54609375 0.08203125 0.13671875
1 0.8375 0.3109375 0.05703125 0.0859375
0 0.71875 0.225 0.03828125 0.1203125
1 0.7578125 0.27421875 0.0453125 0.10078125
1 0.3234375 0.15859375 0.04453125 0.1640625
1 0.6328125 0.1625 0.07109375 0.09140625
1 0.484375 0.35078125 0.07265625 0.171875
1 0.3765625 0.25859375 0.0640625 0.10859375
