0 0.57109375 0.2109375 0.05234375 0.06171875
0 0.2046875 0.54765625 0.07109375 0.16796875
1 0.23828125 0.39609375 0.07421875 0.17421875
1 0.70625 0.44921875 0.07578125 0.09375
1 0.33359375 0.58671875 0.12890625 0.11640625
0 0.48125 0.34921875 0.06875 0.16015625
0 0.49375 0.53125 0.08828125 0.2046875
1 0.62265625 0.41796875 0.08828125 0.12109375
1 0.8 0.23203125 0.04765625 0.08125
1 0.65078125 0.21015625 0.0578125 0.09609375
1 0.8109375 0.39453125 0.06015625 0.11171875
0 0.3734375 0.26796875 0.05703125 0.11796875
1 0.56796875 0.1484375 0.05546875 0.08125
1 0.8796875 0.38671875 0.0578125 0.11484375
1 0.8390625 0.30859375 0.0578125 0.0859375
1 0.3234375 0.14375 0.0453125 0.128125
1 0.9421875 0.55078125 0.08359375 0.12421875
0 0.09375 0.51953125 0.05703125 0.24921875
0 0.6296875 0.14375 0.0421875 0.078125
1 0.45 0.15703125 0.05546875 0.10703125
1 0.7578125 0.27421875 0.04453125 0.09921875
0 0.71875 0.2234375 0.03828125 0.121875
1 0.36796875 0.38203125 0.09296875 0.17421875
1 0.3875 0.18671875 0.06171875 0.121875
