0 0.5640625 0.20390625 0.04609375 0.0734375
0 0.36171875 0.37890625 0.08515625 0.13203125
1 0.70078125 0.44921875 0.08671875 0.09375
0 0.23984375 0.39921875 0.071875 0.17890625
0 0.08203125 0.51875 0.06796875 0.18125
1 0.7984375 0.22890625 0.04453125 0.0765625
1 0.64921875 0.20390625 0.06171875 0.09921875
0 0.83828125 0.3046875 0.05859375 0.1
1 0.6140625 0.415625 0.07578125 0.09921875
0 0.6296875 0.13828125 0.04375 0.08828125
1 0.8828125 0.3890625 0.0515625 0.12578125
1 0.94453125 0.5234375 0.075 0.15
1 0.1890625 0.5890625 0.0890625 0.15
1 0.37578125 0.25625 0.06484375 0.1140625
1 0.45078125 0.15703125 0.05390625 0.11484375
1 0.471875 0.38125 0.075 0.14375
0 0.39609375 0.16953125 0.03515625 0.09140625
0 0.8171875 0.38203125 0.0765625 0.14453125
1 0.33515625 0.54609375 0.11328125 0.2015625
1 0.57109375 0.14609375 0.05234375 0.090625
0 0.3203125 0.1484375 0.04609375 0.1109375
1 0.7171875 0.22421875 0.03671875 0.125
1 0.48828125 0.54453125 0.09609375 0.17109375
1 0.7765625 0.29296875 0.05234375 0.10078125
