0 0.56640625 0.1984375 0.046875 0.08515625
1 0.65078125 0.20703125 0.05859375 0.0953125
1 0.7328125 0.23671875 0.06640625 0.0890625
1 0.69921875 0.44609375 0.08359375 0.0984375
1 0.1859375 0.59765625 0.09765625 0.1234375
1 0.840625 0.30859375 0.05390625 0.084375
0 0.93828125 0.5234375 0.07265625 0.16640625
1 0.0890625 0.51640625 0.07109375 0.19296875
1 0.77734375 0.29921875 0.059375 0.08984375
0 0.3203125 0.14609375 0.0484375 0.109375
1 0.6171875 0.41875 0.0765625 0.13671875
1 0.2484375 0.37265625 0.07421875 0.18203125
1 0.36328125 0.38515625 0.0875 0.1703125
1 0.48046875 0.36953125 0.06875 0.125
1 0.57421875 0.14375 0.05 0.08671875
0 0.63359375 0.14140625 0.03828125 0.08359375
0 0.88203125 0.41015625 0.05859375 0.159375
1 0.39296875 0.16640625 0.04453125 0.09453125
1 0.45078125 0.15703125 0.05234375 0.11640625
1 0.33046875 0.553125 0.11484375 0.19296875
1 0.4890625 0.54296875 0.09609375 0.2046875
1 0.79765625 0.23125 0.06328125 0.11875
1 0.3765625 0.275 0.10546875 0.13125
1 0.81171875 0.384375 0.07109375 0.1375
