0 0.2046875 0.5484375 0.07109375 0.16640625
1 0.70546875 0.44765625 0.07421875 0.09375
1 0.62109375 0.41953125 0.09140625 0.11953125
1 0.79921875 0.23203125 0.04921875 0.08125
1 0.3328125 0.58515625 0.12734375 0.11875
1 0.83828125 0.30703125 0.05859375 0.09453125
1 0.484375 0.353125 0.06328125 0.15546875
1 0.65078125 0.20859375 0.05859375 0.08984375
1 0.45 0.15703125 0.0546875 0.10703125
1 0.81015625 0.39609375 0.06171875 0.1109375
0 0.49375 0.53203125 0.08828125 0.20703125
1 0.23984375 0.39453125 0.071875 0.18046875
0 0.56484375 0.16171875 0.05078125 0.06484375
0 0.56953125 0.20390625 0.05 0.075
0 0.321875 0.14921875 0.04921875 0.11953125
1 0.8828125 0.390625 0.0609375 0.096875
1 0.36328125 0.38671875 0.09140625 0.1796875
1 0.3875 0.18203125 0.0453125 0.08515625
0 0.71796875 0.22109375 0.03828125 0.12421875
0 0.63125 0.14453125 0.04453125 0.08046875
1 0.09453125 0.50625 0.05859375 0.2265625
1 0.7578125 0.290625 0.046875 0.134375
0 0.37421875 0.2609375 0.06015625 0.10859375
0 0.93828125 0.53828125 0.07578125 0.1453125
