0 0.2046875 0.53828125 0.07109375 0.16171875
1 0.70390625 0.440625 0.08203125 0.096875
1 0.48984375 0.5359375 0.09375 0.19375
1 0.65078125 0.20703125 0.06015625 0.09296875
1 0.61171875 0.41171875 0.07109375 0.10546875
1 0.45078125 0.15625 0.05 0.11171875
1 0.7984375 0.23125 0.0453125 0.0734375
1 0.39296875 0.1765625 0.03671875 0.09375
1 0.83828125 0.31328125 0.05703125 0.0765625
1 0.47890625 0.365625 0.08125 0.1453125
0 0.56875 0.14765625 0.04921875 0.0859375
1 0.08515625 0.5 0.075 0.225
0 0.56796875 0.19296875 0.04453125 0.09921875
0 0.36796875 0.37109375 0.08515625 0.19453125
0 0.934375 0.52578125 0.07109375 0.16640625
1 0.33203125 0.56015625 0.11796875 0.1890625
0 0.3203125 0.14609375 0.04921875 0.09609375
1 0.88203125 0.415625 0.0578125 0.12890625
0 0.7703125 0.28828125 0.053125 0.1140625
1 0.2453125 0.36953125 0.0734375 0.175
0 0.62890625 0.14296875 0.04375 0.08203125
0 0.81171875 0.43828125 0.06328125 0.253125
1 0.3765625 0.25390625 0.08125 0.12109375
1 0.728125 0.2203125 0.07578125 0.1328125
