0 0.396875 0.16640625 0.03984375 0.09296875
0 0.3609375 0.378125 0.08359375 0.1515625
0 0.37578125 0.26328125 0.0640625 0.125
1 0.6984375 0.44453125 0.08359375 0.0953125
0 0.4828125 0.353125 0.06796875 0.14609375
0 0.33671875 0.54609375 0.11796875 0.18125
0 0.4921875 0.54140625 0.08359375 0.20703125
1 0.6125 0.41640625 0.07421875 0.09609375
0 0.93671875 0.5234375 0.06953125 0.16640625
1 0.31640625 0.15390625 0.0484375 0.10078125
0 0.23828125 0.38125 0.06328125 0.1453125
1 0.65078125 0.20546875 0.06015625 0.09296875
1 0.7984375 0.2296875 0.04375 0.0796875
0 0.0890625 0.50625 0.07421875 0.215625
1 0.56640625 0.14453125 0.04453125 0.084375
1 0.8375 0.30859375 0.05546875 0.08203125
0 0.5765625 0.18828125 0.05390625 0.10625
1 0.20078125 0.528125 0.07265625 0.19609375
1 0.8109375 0.39296875 0.0640625 0.1234375
1 0.88203125 0.39765625 0.0578125 0.11796875
1 0.4515625 0.15625 0.04921875 0.11796875
0 0.6265625 0.14609375 0.040625 0.07421875
1 0.71796875 0.22890625 0.03828125 0.13046875
1 0.78203125 0.284375 0.071875 0.12734375
