0 0.2046875 0.5390625 0.06953125 0.1609375
0 0.571875 0.19609375 0.04765625 0.09296875
0 0.4921875 0.53671875 0.08984375 0.19296875
0 0.45390625 0.16171875 0.05234375 0.1109375
1 0.796875 0.23046875 0.04609375 0.071875
1 0.6953125 0.44140625 0.0828125 0.09609375
1 0.6125 0.403125 0.0671875 0.1296875
1 0.6515625 0.20390625 0.05390625 0.08984375
1 0.8390625 0.31015625 0.05859375 0.0796875
1 0.73125 0.23203125 0.0625 0.09609375
0 0.56875 0.140625 0.05 0.096875
0 0.32890625 0.59453125 0.1125 0.1734375
0 0.2484375 0.3734375 0.06796875 0.190625
0 0.0953125 0.50859375 0.06953125 0.2359375
1 0.38828125 0.1765625 0.0453125 0.09375
0 0.36171875 0.3765625 0.08671875 0.18828125
1 0.88203125 0.3984375 0.0578125 0.1109375
0 0.3203125 0.1546875 0.05078125 0.109375
0 0.6296875 0.14140625 0.0453125 0.078125
1 0.93359375 0.52265625 0.07109375 0.16796875
0 0.48203125 0.36640625 0.08203125 0.16875
0 0.3703125 0.2640625 0.07578125 0.11875
1 0.77265625 0.28125 0.071875 0.11640625
1 0.81171875 0.38828125 0.0828125 0.13046875
