1 0.2390625 0.390625 0.0734375 0.18828125
1 0.70546875 0.4484375 0.07421875 0.09296875
1 0.4921875 0.54296875 0.08984375 0.215625
0 0.3328125 0.5609375 0.10390625 0.21171875
1 0.65078125 0.20703125 0.06171875 0.0953125
0 0.39140625 0.1765625 0.040625 0.08984375
1 0.80859375 0.3890625 0.06171875 0.1296875
1 0.79765625 0.23125 0.04609375 0.0734375
1 0.19140625 0.58359375 0.09609375 0.1453125
1 0.61484375 0.41171875 0.06953125 0.140625
0 0.3203125 0.16328125 0.04921875 0.125
0 0.0953125 0.50078125 0.0546875 0.221875
0 0.3640625 0.37265625 0.075 0.19375
1 0.88203125 0.42578125 0.05859375 0.15546875
0 0.56953125 0.20390625 0.05 0.0953125
0 0.63125 0.15546875 0.04921875 0.09296875
0 0.94765625 0.521875 0.0796875 0.18203125
0 0.4515625 0.165625 0.05859375 0.09921875
1 0.73046875 0.2234375 0.06328125 0.121875
1 0.48046875 0.38046875 0.08671875 0.13125
0 0.57109375 0.14296875 0.05234375 0.09375
0 0.3765625 0.2515625 0.06875 0.11328125
1 0.78203125 0.29921875 0.071875 0.11640625
1 0.84765625 0.2953125 0.0546875 0.12109375
