1 0.33125 0.56015625 0.11875 0.18359375
1 0.70234375 0.43203125 0.09609375 0.09453125
0 0.4921875 0.53671875 0.0890625 0.1984375
1 0.24140625 0.390625 0.07109375 0.1765625
1 0.8 0.23125 0.04296875 0.075
1 0.6515625 0.20859375 0.0609375 0.09375
1 0.94375 0.55703125 0.0890625 0.10390625
1 0.80859375 0.39140625 0.06171875 0.128125
1 0.36328125 0.38203125 0.08828125 0.17421875
0 0.565625 0.19296875 0.04453125 0.10078125
1 0.88203125 0.3984375 0.0578125 0.10390625
1 0.61328125 0.415625 0.07265625 0.14375
1 0.09453125 0.49296875 0.05234375 0.203125
1 0.48125 0.378125 0.0796875 0.14453125
1 0.19140625 0.56875 0.09453125 0.178125
0 0.4546875 0.15703125 0.05234375 0.11484375
1 0.73203125 0.23203125 0.06328125 0.1
1 0.3921875 0.17578125 0.04140625 0.08671875
0 0.57109375 0.140625 0.05078125 0.0859375
0 0.63125 0.14609375 0.04765625 0.0796875
0 0.3203125 0.1609375 0.04921875 0.11796875
1 0.371875 0.23125 0.06875 0.15078125
1 0.78203125 0.29921875 0.06953125 0.134375
1 0.846875 0.2984375 0.06328125 0.11484375
