0 0.20390625 0.5484375 0.071875 0.16875
1 0.79921875 0.23203125 0.04921875 0.08125
1 0.33359375 0.5859375 0.125 0.11796875
1 0.70546875 0.44765625 0.075 0.0953125
1 0.64921875 0.20546875 0.0546875 0.09296875
0 0.5703125 0.203125 0.04921875 0.07578125
0 0.48125 0.378125 0.08515625 0.1515625
1 0.88125 0.38828125 0.06328125 0.10625
1 0.61875 0.41328125 0.08203125 0.134375
0 0.38828125 0.17890625 0.04140625 0.08984375
1 0.0890625 0.53515625 0.07109375 0.28671875
1 0.83828125 0.31015625 0.05703125 0.08515625
1 0.565625 0.14609375 0.05 0.0890625
1 0.36328125 0.3765625 0.08828125 0.19140625
1 0.9421875 0.55078125 0.0828125 0.140625
1 0.3203125 0.1390625 0.05078125 0.13359375
0 0.45234375 0.15859375 0.05390625 0.12109375
1 0.62890625 0.1609375 0.0484375 0.07109375
1 0.75859375 0.2859375 0.04765625 0.1234375
0 0.71875 0.2234375 0.03828125 0.121875
1 0.24140625 0.39765625 0.07578125 0.18046875
1 0.37578125 0.2578125 0.08515625 0.11640625
1 0.48671875 0.534375 0.11484375 0.2203125
1 0.81171875 0.38046875 0.07421875 0.1578125
