0 0.56171875 0.203125 0.04765625 0.09609375
0 0.20390625 0.5390625 0.07109375 0.1609375
0 0.375 0.26171875 0.06328125 0.11640625
1 0.93671875 0.53515625 0.07578125 0.14453125
1 0.79765625 0.23203125 0.04921875 0.07578125
1 0.4515625 0.15234375 0.05390625 0.115625
1 0.65078125 0.20703125 0.06171875 0.09453125
0 0.571875 0.14609375 0.0453125 0.08671875
1 0.33203125 0.55859375 0.11640625 0.18828125
1 0.7328125 0.2359375 0.06640625 0.08984375
1 0.83984375 0.31171875 0.05546875 0.078125
1 0.36171875 0.3890625 0.08203125 0.1609375
0 0.63203125 0.140625 0.04609375 0.08984375
1 0.615625 0.41953125 0.07734375 0.14140625
1 0.7796875 0.30078125 0.05234375 0.08671875
1 0.7046875 0.4390625 0.0828125 0.0984375
0 0.0953125 0.50703125 0.0625 0.23125
1 0.32421875 0.146875 0.04765625 0.1359375
0 0.88203125 0.39140625 0.05703125 0.128125
1 0.48515625 0.35546875 0.06484375 0.14296875
1 0.2484375 0.3765625 0.075 0.1765625
1 0.48828125 0.54765625 0.09765625 0.1953125
1 0.3875 0.1859375 0.0453125 0.0734375
1 0.81171875 0.384375 0.06171875 0.16015625
