0 0.20390625 0.5390625 0.07109375 0.1609375
1 0.33203125 0.55703125 0.1171875 0.1890625
0 0.56328125 0.21015625 0.05234375 0.08125
1 0.64921875 0.20625 0.05703125 0.09375
1 0.79921875 0.23359375 0.04609375 0.07890625
1 0.9375 0.53515625 0.07734375 0.14453125
0 0.37578125 0.2609375 0.06484375 0.11796875
1 0.7296875 0.23671875 0.06015625 0.08515625
1 0.45078125 0.1515625 0.05546875 0.1140625
1 0.84296875 0.3125 0.05234375 0.075
0 0.7734375 0.29140625 0.059375 0.10703125
1 0.8828125 0.39609375 0.059375 0.11640625
0 0.2484375 0.37578125 0.07421875 0.18359375
0 0.63046875 0.14296875 0.04921875 0.096875
1 0.61484375 0.41796875 0.07734375 0.1453125
1 0.571875 0.14453125 0.04375 0.08828125
0 0.48515625 0.3484375 0.0640625 0.15546875
0 0.3890625 0.1640625 0.04140625 0.08515625
1 0.70390625 0.4390625 0.08125 0.1
1 0.325 0.140625 0.0515625 0.1265625
1 0.48828125 0.54453125 0.09765625 0.19609375
1 0.09609375 0.50390625 0.06171875 0.22890625
1 0.3609375 0.38203125 0.08046875 0.171875
1 0.8171875 0.3859375 0.08125 0.16875
