1 0.3328125 0.58515625 0.12734375 0.11875
1 0.7046875 0.4484375 0.0734375 0.09296875
0 0.2046875 0.5484375 0.0703125 0.16875
1 0.6515625 0.20625 0.06015625 0.09375
0 0.478125 0.38046875 0.0890625 0.14296875
0 0.4890625 0.53203125 0.09609375 0.20390625
0 0.23984375 0.3890625 0.0734375 0.18671875
1 0.8453125 0.31015625 0.04921875 0.08671875
1 0.3625 0.38515625 0.08671875 0.1796875
0 0.5703125 0.20859375 0.04765625 0.0640625
0 0.45078125 0.15390625 0.0515625 0.11796875
0 0.628125 0.14140625 0.04453125 0.09609375
1 0.8828125 0.390625 0.06015625 0.10078125
1 0.9375 0.528125 0.07421875 0.15546875
1 0.62109375 0.41875 0.090625 0.121875
0 0.56484375 0.14453125 0.04921875 0.0984375
0 0.39140625 0.18046875 0.0453125 0.08515625
1 0.75859375 0.2734375 0.04609375 0.1
0 0.09296875 0.50546875 0.06015625 0.22421875
0 0.79921875 0.22890625 0.04921875 0.08984375
0 0.71875 0.2234375 0.03828125 0.1203125
1 0.32265625 0.14140625 0.04765625 0.121875
1 0.37578125 0.25625 0.0765625 0.13125
1 0.81484375 0.38671875 0.08046875 0.1421875
