0 0.5640625 0.1984375 0.05078125 0.090625
0 0.20390625 0.54375 0.0703125 0.1796875
1 0.33203125 0.58125 0.1296875 0.115625
1 0.8 0.22890625 0.0421875 0.0859375
1 0.621875 0.41953125 0.08984375 0.1203125
1 0.4921875 0.53828125 0.08984375 0.196875
1 0.64765625 0.20390625 0.05390625 0.09375
1 0.70390625 0.44765625 0.07265625 0.09375
1 0.81015625 0.3890625 0.06171875 0.128125
1 0.3734375 0.26875 0.06484375 0.11328125
1 0.83828125 0.30078125 0.05546875 0.0984375
1 0.8828125 0.403125 0.059375 0.10546875
1 0.48125 0.39140625 0.09375 0.12578125
1 0.94375 0.54765625 0.08125 0.1359375
1 0.63984375 0.13984375 0.03515625 0.0796875
0 0.56953125 0.14921875 0.05625 0.08828125
0 0.4515625 0.16328125 0.05703125 0.10859375
0 0.09453125 0.50390625 0.05546875 0.22578125
0 0.728125 0.22578125 0.06015625 0.13125
0 0.39296875 0.17578125 0.0390625 0.0890625
1 0.2375 0.3875 0.0765625 0.18125
1 0.3640625 0.38984375 0.10234375 0.19453125
0 0.3203125 0.15390625 0.0625 0.1296875
1 0.7703125 0.296875 0.071875 0.115625
