0 0.48984375 0.53515625 0.09375 0.1984375
1 0.79921875 0.23046875 0.0453125 0.06484375
0 0.2421875 0.40546875 0.07578125 0.16640625
1 0.375 0.265625 0.06484375 0.11953125
1 0.615625 0.41328125 0.0734375 0.10625
0 0.32265625 0.53671875 0.07734375 0.24453125
1 0.83828125 0.30703125 0.05703125 0.0890625
0 0.8171875 0.37890625 0.07265625 0.1453125
1 0.0859375 0.50859375 0.06640625 0.20625
1 0.5765625 0.14375 0.05234375 0.0765625
0 0.478125 0.365625 0.06796875 0.14140625
1 0.77109375 0.2890625 0.0515625 0.090625
1 0.7 0.43203125 0.08671875 0.11875
1 0.88046875 0.390625 0.05234375 0.12109375
1 0.95 0.53671875 0.08203125 0.13125
0 0.65078125 0.203125 0.0515625 0.08671875
0 0.31953125 0.14921875 0.0484375 0.10078125
1 0.3953125 0.16875 0.03828125 0.090625
1 0.71953125 0.2234375 0.04140625 0.121875
0 0.20234375 0.5484375 0.09453125 0.2390625
0 0.453125 0.159375 0.05703125 0.159375
1 0.3625 0.37109375 0.1046875 0.20390625
1 0.63046875 0.14296875 0.0625 0.08046875
0 0.5671875 0.2 0.07109375 0.09296875
