0 0.2046875 0.5515625 0.07421875 0.1859375
0 0.625 0.14140625 0.04296875 0.08359375
0 0.56953125 0.20625 0.05234375 0.096875
1 0.61328125 0.415625 0.07421875 0.09921875
1 0.4953125 0.50546875 0.08203125 0.221875
1 0.65 0.20625 0.0625 0.09921875
1 0.70234375 0.4484375 0.09296875 0.109375
1 0.33046875 0.578125 0.1171875 0.11875
0 0.2328125 0.39609375 0.07890625 0.1515625
1 0.7984375 0.23359375 0.04765625 0.075
0 0.28828125 0.18359375 0.07421875 0.09375
0 0.37578125 0.26953125 0.06484375 0.1046875
1 0.36015625 0.38828125 0.09140625 0.175
1 0.3875 0.18671875 0.05703125 0.06875
1 0.45234375 0.15546875 0.05703125 0.1109375
1 0.5703125 0.15390625 0.05 0.06796875
1 0.7296875 0.23671875 0.06015625 0.09296875
1 0.84453125 0.31171875 0.04921875 0.08515625
1 0.88203125 0.39765625 0.05859375 0.10625
0 0.09375 0.53828125 0.05703125 0.234375
1 0.80234375 0.43828125 0.0609375 0.2953125
1 0.9421875 0.55859375 0.08203125 0.13984375
1 0.48671875 0.35390625 0.0953125 0.16875
