0 0.56796875 0.20390625 0.04609375 0.0734375
0 0.2421875 0.40625 0.07578125 0.16796875
0 0.48984375 0.53359375 0.09375 0.19921875
1 0.8015625 0.23125 0.04140625 0.06796875
1 0.88125 0.39375 0.05546875 0.11875
0 0.19765625 0.54765625 0.08125 0.1859375
0 0.3625 0.38125 0.08828125 0.18203125
0 0.47734375 0.36328125 0.06796875 0.146875
1 0.703125 0.4484375 0.09140625 0.09609375
1 0.0859375 0.51015625 0.06171875 0.19921875
1 0.6140625 0.41171875 0.07109375 0.109375
0 0.815625 0.37421875 0.07421875 0.165625
0 0.31953125 0.14921875 0.0484375 0.09921875
0 0.4515625 0.15859375 0.053125 0.1140625
1 0.39609375 0.17109375 0.0390625 0.08671875
1 0.575 0.13828125 0.04921875 0.09375
1 0.84296875 0.30703125 0.04765625 0.0890625
1 0.94296875 0.54765625 0.08203125 0.134375
1 0.7671875 0.28671875 0.05390625 0.11484375
1 0.37578125 0.265625 0.06640625 0.11796875
1 0.62890625 0.15625 0.04609375 0.05625
1 0.6546875 0.20390625 0.0453125 0.0859375
1 0.71875 0.2234375 0.03828125 0.121875
0 0.33203125 0.52109375 0.11015625 0.271875
