0 0.5703125 0.20703125 0.04765625 0.06875
0 0.20390625 0.54921875 0.06953125 0.16796875
0 0.47890625 0.37734375 0.09296875 0.1453125
1 0.33359375 0.584375 0.12890625 0.11875
1 0.70546875 0.44765625 0.07578125 0.09375
1 0.84453125 0.3109375 0.04765625 0.08828125
0 0.4890625 0.53515625 0.09609375 0.2
1 0.6515625 0.20546875 0.05703125 0.090625
0 0.36328125 0.38359375 0.08828125 0.18203125
1 0.23984375 0.39453125 0.07265625 0.175
0 0.38984375 0.17890625 0.04140625 0.09140625
1 0.09375 0.50703125 0.05703125 0.2296875
1 0.93671875 0.52890625 0.07265625 0.15859375
1 0.88203125 0.39140625 0.0609375 0.1
1 0.63125 0.14921875 0.04921875 0.08203125
1 0.6234375 0.41875 0.08671875 0.12421875
0 0.79765625 0.228125 0.05 0.09609375
1 0.75859375 0.2734375 0.04609375 0.0984375
0 0.5640625 0.14296875 0.0484375 0.10078125
1 0.31953125 0.13828125 0.04765625 0.1140625
0 0.45078125 0.15390625 0.0515625 0.11796875
0 0.71875 0.22265625 0.03828125 0.11953125
1 0.37890625 0.2609375 0.08046875 0.140625
1 0.81171875 0.38046875 0.0609375 0.1390625
