0 0.20390625 0.54140625 0.06953125 0.15703125
0 0.3734375 0.26640625 0.0640625 0.121875
1 0.6203125 0.415625 0.0859375 0.134375
0 0.4890625 0.53515625 0.09609375 0.196875
1 0.84296875 0.30703125 0.0515625 0.0890625
1 0.8828125 0.3890625 0.0625 0.10703125
1 0.7046875 0.44765625 0.071875 0.09375
1 0.6484375 0.20390625 0.05390625 0.09375
1 0.384375 0.190625 0.04296875 0.07109375
1 0.33359375 0.57421875 0.12109375 0.14921875
0 0.809375 0.240625 0.03984375 0.06953125
0 0.240625 0.39609375 0.0703125 0.1703125
0 0.56328125 0.14453125 0.04921875 0.0796875
1 0.6328125 0.14296875 0.04609375 0.08203125
1 0.94375 0.55625 0.0828125 0.13046875
0 0.4546875 0.1609375 0.053125 0.103125
0 0.57421875 0.19140625 0.03984375 0.1
1 0.0953125 0.503125 0.05390625 0.228125
1 0.76171875 0.27578125 0.04765625 0.109375
1 0.71953125 0.22265625 0.04140625 0.1265625
0 0.31953125 0.15078125 0.05078125 0.1390625
1 0.36328125 0.3875 0.10703125 0.20859375
1 0.48203125 0.384375 0.1046875 0.14140625
1 0.809375 0.37578125 0.065625 0.1484375
