1 0.49609375 0.50390625 0.08125 0.2234375
0 0.20546875 0.553125 0.07421875 0.1890625
1 0.7015625 0.44765625 0.0921875 0.10625
1 0.7296875 0.23671875 0.05859375 0.09296875
1 0.33203125 0.578125 0.11640625 0.11640625
0 0.23359375 0.39921875 0.07734375 0.16953125
1 0.61328125 0.4140625 0.07421875 0.1
1 0.57109375 0.19453125 0.05078125 0.09140625
1 0.84453125 0.30703125 0.04921875 0.090625
1 0.3890625 0.1859375 0.05390625 0.065625
1 0.65078125 0.20625 0.06015625 0.096875
0 0.37578125 0.25859375 0.06484375 0.1265625
1 0.36015625 0.38828125 0.09140625 0.1765625
0 0.28203125 0.1890625 0.0765625 0.0890625
1 0.79765625 0.23203125 0.05 0.06640625
1 0.88203125 0.39765625 0.06015625 0.10625
0 0.78828125 0.29375 0.05625 0.08671875
1 0.45234375 0.21953125 0.06015625 0.24140625
0 0.62421875 0.14609375 0.0390625 0.07421875
1 0.9421875 0.55859375 0.08203125 0.13984375
0 0.096875 0.56328125 0.06015625 0.28203125
1 0.57109375 0.15 0.05859375 0.09453125
1 0.4796875 0.36484375 0.10234375 0.1546875
0 0.80390625 0.36328125 0.07109375 0.1609375
