0 0.2046875 0.5515625 0.07421875 0.1859375
1 0.70234375 0.44609375 0.09140625 0.10703125
1 0.496875 0.50390625 0.0796875 0.225
0 0.84375 0.303125 0.05078125 0.09609375
0 0.23203125 0.40078125 0.08125 0.14296875
0 0.77265625 0.290625 0.05546875 0.10625
1 0.33046875 0.578125 0.1140625 0.11875
1 0.57109375 0.15390625 0.05078125 0.07109375
1 0.45234375 0.15546875 0.05703125 0.1109375
0 0.3765625 0.26171875 0.06328125 0.11640625
1 0.6125 0.41328125 0.07421875 0.10078125
0 0.0703125 0.53203125 0.08359375 0.17578125
1 0.36015625 0.38671875 0.09140625 0.178125
1 0.8 0.22890625 0.04453125 0.0765625
1 0.3875 0.1859375 0.05546875 0.06796875
0 0.47890625 0.34921875 0.06796875 0.15625
1 0.7296875 0.2359375 0.05859375 0.09140625
1 0.88203125 0.3984375 0.06015625 0.10703125
1 0.62734375 0.1359375 0.04375 0.1046875
0 0.3203125 0.165625 0.05234375 0.16796875
1 0.9421875 0.55703125 0.08203125 0.140625
0 0.8 0.43828125 0.0546875 0.29140625
1 0.5765625 0.20859375 0.08828125 0.1375
1 0.64921875 0.2109375 0.07421875 0.12890625
