0 0.2046875 0.5390625 0.06875 0.1609375
0 0.375 0.26171875 0.06484375 0.1203125
1 0.48984375 0.5359375 0.09375 0.19375
1 0.7984375 0.23125 0.04453125 0.0734375
1 0.6125 0.41328125 0.07265625 0.10859375
1 0.70390625 0.43828125 0.08125 0.096875
1 0.65078125 0.20703125 0.05859375 0.090625
1 0.0859375 0.49140625 0.07734375 0.25
0 0.565625 0.19375 0.04296875 0.0984375
0 0.47890625 0.36640625 0.07890625 0.14609375
1 0.33203125 0.5609375 0.1171875 0.1953125
1 0.8390625 0.31328125 0.05546875 0.075
0 0.56875 0.14765625 0.04921875 0.0859375
0 0.31796875 0.14453125 0.0484375 0.09375
1 0.8828125 0.40078125 0.05703125 0.10390625
0 0.93515625 0.52421875 0.071875 0.16796875
0 0.73203125 0.2234375 0.05859375 0.09609375
1 0.2484375 0.37421875 0.07578125 0.1734375
0 0.63359375 0.14140625 0.040625 0.08125
1 0.45078125 0.15625 0.05546875 0.1140625
1 0.36640625 0.3796875 0.128125 0.184375
1 0.3890625 0.17265625 0.059375 0.1125
0 0.76953125 0.28046875 0.08046875 0.1234375
0 0.81171875 0.378125 0.084375 0.13828125
