1 0.48125 0.378125 0.075 0.14296875
0 0.1859375 0.57421875 0.09609375 0.16953125
0 0.37421875 0.2609375 0.06796875 0.125
1 0.79765625 0.22890625 0.04765625 0.0734375
1 0.65078125 0.20859375 0.0625 0.0953125
1 0.4921875 0.53515625 0.08984375 0.1984375
1 0.83828125 0.30859375 0.05390625 0.0859375
1 0.57109375 0.14375 0.04921875 0.090625
1 0.73125 0.23203125 0.06328125 0.0984375
0 0.9421875 0.54140625 0.08359375 0.15546875
0 0.09453125 0.49453125 0.05390625 0.2296875
1 0.88203125 0.39375 0.05546875 0.11328125
1 0.7 0.4359375 0.08828125 0.115625
1 0.33125 0.578125 0.11953125 0.16640625
0 0.2375 0.40390625 0.08046875 0.15625
0 0.5671875 0.196875 0.04296875 0.09375
0 0.7734375 0.29375 0.06484375 0.1015625
0 0.63359375 0.14375 0.04140625 0.08125
0 0.31953125 0.16171875 0.05078125 0.12578125
1 0.61640625 0.4109375 0.059375 0.1640625
0 0.3625 0.378125 0.0875 0.18359375
0 0.453125 0.15625 0.0546875 0.1140625
1 0.81328125 0.38359375 0.07890625 0.1359375
1 0.3875 0.18203125 0.065625 0.11328125
