0 0.1984375 0.55859375 0.08359375 0.1953125
1 0.76875 0.28828125 0.05859375 0.115625
0 0.2359375 0.39140625 0.0765625 0.159375
0 0.32578125 0.54140625 0.10703125 0.18125
0 0.48359375 0.528125 0.09765625 0.22421875
1 0.57265625 0.14609375 0.05078125 0.07421875
0 0.9375 0.53125 0.07734375 0.15625
0 0.3640625 0.378125 0.08203125 0.18359375
0 0.48125 0.34375 0.06328125 0.1609375
1 0.8328125 0.30703125 0.05390625 0.08125
1 0.6140625 0.415625 0.0734375 0.09921875
1 0.69921875 0.4359375 0.08671875 0.1140625
0 0.5671875 0.19765625 0.04453125 0.0859375
1 0.3984375 0.165625 0.03203125 0.09140625
0 0.6203125 0.15546875 0.04453125 0.071875
1 0.31640625 0.1640625 0.05 0.1296875
0 0.08359375 0.503125 0.07265625 0.2203125
0 0.7296875 0.22890625 0.0578125 0.1140625
0 0.8640625 0.41015625 0.05859375 0.2109375
1 0.80546875 0.43046875 0.06171875 0.26328125
0 0.3828125 0.23515625 0.0703125 0.13984375
0 0.459375 0.15625 0.0671875 0.14375
0 0.65078125 0.203125 0.06171875 0.1140625
0 0.796875 0.221875 0.06015625 0.1046875
