0 0.2046875 0.5484375 0.0703125 0.16875
1 0.334375 0.584375 0.12890625 0.11875
1 0.70546875 0.44765625 0.0734375 0.09375
1 0.6203125 0.4109375 0.08828125 0.134375
0 0.4890625 0.53515625 0.09765625 0.1984375
1 0.48125 0.39453125 0.09296875 0.1140625
1 0.83984375 0.30859375 0.05703125 0.09375
0 0.63125 0.14453125 0.04765625 0.0859375
0 0.8078125 0.24140625 0.04296875 0.0703125
1 0.6515625 0.20625 0.06015625 0.096875
1 0.23984375 0.39609375 0.07265625 0.16640625
0 0.38828125 0.178125 0.04453125 0.090625
1 0.88515625 0.38671875 0.06171875 0.1
1 0.93828125 0.52578125 0.0734375 0.1609375
0 0.57421875 0.190625 0.04765625 0.103125
1 0.4515625 0.1640625 0.0578125 0.0984375
1 0.71953125 0.21953125 0.04140625 0.1234375
0 0.5671875 0.14375 0.04921875 0.0890625
1 0.3625 0.38359375 0.08828125 0.184375
0 0.3734375 0.26640625 0.06484375 0.121875
0 0.3203125 0.15390625 0.0515625 0.13828125
1 0.0953125 0.503125 0.0546875 0.22578125
1 0.81015625 0.38203125 0.0625 0.12578125
1 0.76171875 0.27890625 0.05234375 0.1140625
