1 0.48203125 0.365625 0.06484375 0.1453125
1 0.3328125 0.5578125 0.11640625 0.19375
0 0.56328125 0.21015625 0.0515625 0.08359375
1 0.65 0.20703125 0.0609375 0.09453125
0 0.63125 0.140625 0.04921875 0.09375
1 0.7296875 0.23671875 0.06015625 0.0890625
0 0.45078125 0.15234375 0.05390625 0.1140625
1 0.3921875 0.165625 0.0453125 0.0859375
1 0.79765625 0.23046875 0.05078125 0.0796875
1 0.20078125 0.528125 0.0734375 0.1890625
1 0.8421875 0.31171875 0.05390625 0.07578125
1 0.61484375 0.415625 0.07734375 0.14921875
1 0.24765625 0.37421875 0.0765625 0.16953125
1 0.36328125 0.38203125 0.08828125 0.17578125
1 0.31796875 0.15390625 0.04609375 0.10078125
0 0.57109375 0.14375 0.04609375 0.08671875
1 0.70390625 0.43828125 0.08125 0.09921875
1 0.93671875 0.5125 0.08046875 0.21171875
1 0.88203125 0.39921875 0.05703125 0.11015625
1 0.090625 0.50703125 0.06328125 0.225
1 0.3765625 0.2609375 0.07578125 0.1234375
1 0.48984375 0.54453125 0.09609375 0.203125
1 0.775 0.27890625 0.06015625 0.1203125
1 0.809375 0.37265625 0.08671875 0.1609375
