0 0.375 0.26640625 0.06484375 0.1203125
0 0.3359375 0.5515625 0.12421875 0.1765625
0 0.3609375 0.38828125 0.0859375 0.1640625
0 0.4921875 0.540625 0.0828125 0.20078125
1 0.65078125 0.20546875 0.05859375 0.09296875
1 0.45390625 0.16875 0.05390625 0.09453125
1 0.81015625 0.38515625 0.06328125 0.1390625
1 0.61328125 0.41796875 0.07421875 0.096875
1 0.88203125 0.3984375 0.05859375 0.11640625
0 0.475 0.35703125 0.06796875 0.1453125
1 0.6984375 0.44453125 0.08359375 0.0953125
1 0.9375 0.53359375 0.07421875 0.14921875
1 0.8 0.23046875 0.0421875 0.078125
0 0.56796875 0.19921875 0.04765625 0.08203125
0 0.0796875 0.51484375 0.08515625 0.1609375
0 0.76484375 0.290625 0.05078125 0.12890625
1 0.31796875 0.14375 0.04765625 0.10546875
1 0.18828125 0.5765625 0.10078125 0.21171875
1 0.57109375 0.14375 0.05703125 0.08671875
0 0.2265625 0.39375 0.07578125 0.15703125
1 0.71796875 0.22265625 0.0375 0.1234375
0 0.628125 0.1515625 0.04296875 0.0765625
0 0.38515625 0.184375 0.06484375 0.1171875
1 0.84140625 0.303125 0.08359375 0.11875
