0 0.5640625 0.21015625 0.05234375 0.08125
0 0.20390625 0.5359375 0.07109375 0.1734375
1 0.93671875 0.53203125 0.07265625 0.14609375
1 0.65 0.20859375 0.0609375 0.0953125
1 0.8 0.23359375 0.0453125 0.0765625
1 0.73203125 0.23671875 0.06640625 0.09296875
1 0.70703125 0.440625 0.0875 0.0953125
1 0.36328125 0.38515625 0.08828125 0.16875
1 0.61484375 0.41640625 0.07734375 0.1484375
1 0.48046875 0.37578125 0.06875 0.121875
1 0.83828125 0.30859375 0.05703125 0.08203125
1 0.37890625 0.27109375 0.075 0.1109375
1 0.31796875 0.15390625 0.0453125 0.10078125
1 0.88359375 0.403125 0.06015625 0.1109375
1 0.246875 0.37109375 0.0734375 0.18359375
1 0.63671875 0.13671875 0.03828125 0.08671875
1 0.5734375 0.14453125 0.0515625 0.08984375
1 0.4515625 0.15390625 0.05234375 0.1140625
1 0.33125 0.55546875 0.11171875 0.20546875
1 0.39375 0.16640625 0.03984375 0.0859375
1 0.4890625 0.54609375 0.09609375 0.1984375
1 0.09453125 0.50703125 0.0671875 0.22421875
0 0.77578125 0.2890625 0.059375 0.13125
0 0.815625 0.375 0.06875 0.146875
