0 0.2046875 0.54453125 0.0703125 0.1765625
1 0.334375 0.58203125 0.12890625 0.11484375
1 0.5625 0.1984375 0.05 0.0890625
1 0.775 0.290625 0.0546875 0.10078125
1 0.64765625 0.20390625 0.05390625 0.0953125
1 0.621875 0.41953125 0.09140625 0.11953125
1 0.7046875 0.44765625 0.07421875 0.09375
1 0.63125 0.14453125 0.04453125 0.07890625
1 0.23828125 0.3859375 0.08046875 0.17109375
1 0.81015625 0.3890625 0.06328125 0.1296875
1 0.4921875 0.53828125 0.08984375 0.1953125
1 0.8828125 0.403125 0.05859375 0.10703125
0 0.56953125 0.14921875 0.05625 0.08828125
0 0.39140625 0.1765625 0.04140625 0.09375
0 0.45078125 0.165625 0.05703125 0.09921875
1 0.94296875 0.5515625 0.08203125 0.13203125
1 0.48125 0.39375 0.09453125 0.11484375
1 0.37421875 0.26953125 0.06484375 0.1140625
0 0.09609375 0.51640625 0.05703125 0.24453125
0 0.72734375 0.22109375 0.05859375 0.1296875
1 0.36328125 0.38359375 0.08828125 0.1765625
0 0.32265625 0.15390625 0.0625 0.1296875
1 0.80234375 0.2234375 0.053125 0.1078125
1 0.84453125 0.3015625 0.0640625 0.115625
