0 0.5640625 0.20546875 0.04609375 0.07421875
1 0.70078125 0.45078125 0.08671875 0.09296875
0 0.36015625 0.38125 0.08515625 0.13203125
1 0.77734375 0.2921875 0.05078125 0.1046875
0 0.20078125 0.5359375 0.07109375 0.17890625
1 0.65 0.20546875 0.0578125 0.0984375
0 0.87890625 0.38203125 0.04609375 0.13515625
1 0.61328125 0.415625 0.07578125 0.096875
1 0.45078125 0.15859375 0.05234375 0.115625
0 0.2390625 0.37265625 0.07421875 0.15859375
1 0.9421875 0.54140625 0.08203125 0.1390625
1 0.8390625 0.31328125 0.05703125 0.08203125
0 0.63046875 0.14453125 0.0453125 0.08984375
0 0.0796875 0.51015625 0.08203125 0.2
1 0.71796875 0.23515625 0.0375 0.140625
1 0.56953125 0.14296875 0.05078125 0.096875
0 0.37734375 0.26640625 0.06328125 0.11640625
0 0.47109375 0.38671875 0.0703125 0.16875
1 0.396875 0.17109375 0.0359375 0.0984375
0 0.33515625 0.54453125 0.11640625 0.19375
0 0.32109375 0.15078125 0.046875 0.10703125
0 0.4953125 0.54453125 0.08671875 0.165625
1 0.7953125 0.221875 0.0703125 0.08984375
1 0.81953125 0.39765625 0.08125 0.19140625
