0 0.20390625 0.5390625 0.07109375 0.159375
0 0.56171875 0.20078125 0.04765625 0.1
0 0.375 0.26171875 0.0640625 0.11875
1 0.79765625 0.23125 0.04921875 0.075
1 0.4515625 0.153125 0.05234375 0.11640625
1 0.93671875 0.53515625 0.07578125 0.14453125
1 0.65078125 0.20859375 0.0625 0.09375
1 0.36171875 0.38671875 0.08203125 0.16484375
1 0.33203125 0.55859375 0.11640625 0.18828125
1 0.73359375 0.23671875 0.06640625 0.09296875
1 0.78125 0.3015625 0.04921875 0.0859375
1 0.84296875 0.3109375 0.05078125 0.07890625
1 0.61484375 0.41953125 0.07890625 0.14140625
1 0.56875 0.146875 0.05546875 0.0859375
0 0.634375 0.13984375 0.04375 0.0890625
0 0.484375 0.34921875 0.0640625 0.15078125
1 0.70390625 0.4390625 0.08203125 0.1
1 0.88203125 0.39140625 0.05703125 0.128125
1 0.3234375 0.14296875 0.04921875 0.1265625
1 0.24765625 0.37421875 0.07265625 0.18046875
1 0.48828125 0.5484375 0.09453125 0.19609375
1 0.08984375 0.490625 0.0859375 0.21171875
1 0.39296875 0.1828125 0.05625 0.1140625
1 0.815625 0.37890625 0.0734375 0.1546875
