0 0.77421875 0.28515625 0.05703125 0.1
0 0.20390625 0.54140625 0.07109375 0.16328125
1 0.70078125 0.44921875 0.08671875 0.09140625
1 0.65078125 0.209375 0.05859375 0.1
0 0.5625 0.19609375 0.04765625 0.0890625
0 0.24140625 0.39453125 0.07578125 0.153125
1 0.6140625 0.41796875 0.07578125 0.096875
0 0.37578125 0.26796875 0.06640625 0.11171875
1 0.79921875 0.22890625 0.0453125 0.065625
1 0.46171875 0.18828125 0.05234375 0.053125
1 0.56796875 0.140625 0.0515625 0.096875
0 0.83515625 0.303125 0.04765625 0.0796875
0 0.07890625 0.51328125 0.08046875 0.203125
0 0.33515625 0.55390625 0.11640625 0.203125
1 0.88125 0.39140625 0.0546875 0.1203125
0 0.63046875 0.14609375 0.04609375 0.090625
1 0.71796875 0.22265625 0.0375 0.125
0 0.4765625 0.37265625 0.07734375 0.1796875
0 0.38984375 0.17421875 0.04453125 0.08984375
1 0.3203125 0.153125 0.05078125 0.13359375
1 0.36015625 0.3859375 0.09296875 0.1640625
1 0.9421875 0.54140625 0.0828125 0.12578125
0 0.49140625 0.55859375 0.1390625 0.19921875
1 0.8140625 0.378125 0.0890625 0.16640625
