1 0.4953125 0.50390625 0.08203125 0.2234375
0 0.2046875 0.55078125 0.0734375 0.18359375
1 0.61328125 0.4140625 0.07421875 0.1
1 0.70234375 0.4484375 0.0921875 0.109375
0 0.5703125 0.20625 0.0515625 0.096875
1 0.3609375 0.3890625 0.0921875 0.17421875
1 0.33046875 0.578125 0.1140625 0.11640625
1 0.65 0.20703125 0.0625 0.1
0 0.22890625 0.40703125 0.08125 0.13125
1 0.79921875 0.23359375 0.04609375 0.0765625
0 0.3765625 0.26328125 0.06328125 0.11796875
1 0.45234375 0.15546875 0.05625 0.109375
0 0.30390625 0.1734375 0.06796875 0.1109375
1 0.5703125 0.15390625 0.04921875 0.06796875
1 0.38828125 0.1859375 0.0546875 0.065625
1 0.84453125 0.30703125 0.04921875 0.0890625
1 0.88203125 0.3984375 0.0609375 0.10703125
1 0.7296875 0.23671875 0.059375 0.09296875
0 0.08359375 0.51875 0.0609375 0.2
1 0.80390625 0.37265625 0.06640625 0.15625
1 0.9421875 0.55703125 0.08125 0.1390625
0 0.62734375 0.13828125 0.04375 0.09921875
1 0.47890625 0.35390625 0.090625 0.1921875
