1 0.48046875 0.53515625 0.12578125 0.18671875
0 0.2046875 0.55078125 0.07421875 0.18359375
1 0.45234375 0.21875 0.06015625 0.23671875
1 0.33125 0.578125 0.11328125 0.11640625
1 0.70234375 0.4484375 0.09296875 0.10703125
0 0.23359375 0.39140625 0.07734375 0.1515625
1 0.84140625 0.30703125 0.046875 0.08359375
0 0.48359375 0.34765625 0.06484375 0.15625
1 0.3890625 0.1859375 0.0546875 0.06796875
1 0.575 0.1390625 0.05078125 0.0765625
0 0.62734375 0.1390625 0.03984375 0.08515625
1 0.65 0.20703125 0.0625 0.1015625
1 0.73046875 0.2359375 0.06015625 0.09140625
1 0.7984375 0.23359375 0.04921875 0.07109375
1 0.61328125 0.415625 0.07421875 0.09921875
0 0.37734375 0.26171875 0.06171875 0.11640625
0 0.78203125 0.29140625 0.04921875 0.09296875
1 0.3640625 0.36015625 0.07265625 0.15
0 0.09375 0.553125 0.0734375 0.30390625
1 0.9421875 0.55859375 0.08125 0.13984375
1 0.31796875 0.14609375 0.0546875 0.1296875
1 0.56796875 0.203125 0.07578125 0.1265625
1 0.878125 0.36640625 0.06171875 0.18046875
0 0.80625 0.35546875 0.07109375 0.1859375
