0 0.57109375 0.21015625 0.053125 0.06484375
1 0.3328125 0.58515625 0.12734375 0.11875
1 0.70625 0.44921875 0.0765625 0.09375
1 0.45078125 0.15703125 0.05234375 0.10703125
1 0.23828125 0.40078125 0.075 0.1609375
1 0.65078125 0.20703125 0.06015625 0.090625
1 0.49375 0.52890625 0.08671875 0.22109375
0 0.08828125 0.51171875 0.06796875 0.2
1 0.79921875 0.23203125 0.04765625 0.08125
1 0.83828125 0.30625 0.05390625 0.09140625
1 0.48671875 0.3515625 0.06484375 0.153125
1 0.86953125 0.4140625 0.05 0.20703125
1 0.8109375 0.39453125 0.06171875 0.11015625
1 0.3859375 0.18203125 0.04296875 0.0984375
1 0.62265625 0.41875 0.08671875 0.1203125
1 0.56796875 0.14453125 0.05390625 0.08828125
1 0.18828125 0.57578125 0.08828125 0.15546875
1 0.7578125 0.27421875 0.04609375 0.10078125
0 0.3671875 0.26875 0.05546875 0.1109375
1 0.9375 0.54140625 0.07578125 0.13515625
1 0.365625 0.38515625 0.08359375 0.1703125
1 0.62890625 0.14609375 0.04921875 0.078125
0 0.71875 0.22109375 0.03984375 0.121875
0 0.32265625 0.14296875 0.04375 0.125
