0 0.2046875 0.53828125 0.06953125 0.1640625
1 0.48984375 0.53515625 0.09453125 0.19453125
1 0.65078125 0.20703125 0.06015625 0.09296875
1 0.70390625 0.440625 0.08203125 0.096875
1 0.0875 0.49375 0.075 0.24296875
1 0.6125 0.41328125 0.0734375 0.10859375
1 0.73203125 0.2359375 0.0640625 0.08984375
0 0.63125 0.1421875 0.0484375 0.084375
1 0.7953125 0.22578125 0.05 0.08125
0 0.3203125 0.14453125 0.0484375 0.10078125
1 0.8390625 0.3109375 0.05703125 0.07109375
1 0.5671875 0.14453125 0.046875 0.08046875
1 0.78203125 0.303125 0.04921875 0.090625
0 0.4796875 0.365625 0.07890625 0.146875
1 0.88203125 0.39453125 0.05859375 0.12109375
1 0.39140625 0.17578125 0.04296875 0.090625
1 0.33203125 0.55859375 0.1171875 0.1984375
0 0.93515625 0.52578125 0.07265625 0.16875
1 0.44921875 0.15546875 0.05546875 0.1203125
1 0.24609375 0.37421875 0.07421875 0.18046875
1 0.36171875 0.37890625 0.08515625 0.1734375
1 0.37578125 0.26953125 0.07890625 0.1484375
0 0.81640625 0.3765625 0.07265625 0.13515625
0 0.56484375 0.1984375 0.0625 0.10859375
