0 0.20546875 0.53828125 0.06953125 0.16171875
0 0.33125 0.5640625 0.11953125 0.18359375
1 0.61171875 0.4140625 0.07265625 0.1015625
1 0.36171875 0.37578125 0.0875 0.1796875
0 0.93359375 0.5234375 0.06953125 0.16875
1 0.79765625 0.23125 0.0453125 0.0734375
1 0.56640625 0.14453125 0.04921875 0.08984375
1 0.2453125 0.37265625 0.0703125 0.17890625
1 0.703125 0.440625 0.0828125 0.0953125
0 0.090625 0.50390625 0.0796875 0.22109375
1 0.8421875 0.31328125 0.05234375 0.0734375
0 0.48046875 0.36640625 0.08125 0.1703125
0 0.6515625 0.20546875 0.06015625 0.09296875
0 0.56875 0.19296875 0.04375 0.096875
0 0.31953125 0.1484375 0.05 0.09609375
1 0.490625 0.53828125 0.0921875 0.19140625
1 0.88203125 0.403125 0.05703125 0.10390625
0 0.39609375 0.1765625 0.03359375 0.09140625
1 0.375 0.26328125 0.0640625 0.12109375
1 0.73203125 0.22890625 0.06015625 0.10703125
0 0.45546875 0.15078125 0.05546875 0.11875
0 0.6328125 0.14609375 0.05703125 0.0921875
0 0.7765625 0.28359375 0.06875 0.13515625
1 0.81640625 0.3734375 0.0703125 0.11640625
