0 0.203125 0.5484375 0.07109375 0.16328125
1 0.61953125 0.415625 0.08359375 0.1359375
1 0.33359375 0.58125 0.12734375 0.12890625
0 0.4890625 0.5359375 0.0953125 0.196875
1 0.76171875 0.27578125 0.04921875 0.1109375
1 0.64921875 0.20546875 0.0546875 0.09609375
1 0.83984375 0.309375 0.05625 0.090625
1 0.7046875 0.4484375 0.07265625 0.09296875
1 0.240625 0.39453125 0.07265625 0.175
0 0.8078125 0.240625 0.04375 0.06953125
0 0.56796875 0.14921875 0.0609375 0.08984375
1 0.36328125 0.38359375 0.0890625 0.18203125
1 0.94375 0.55390625 0.08359375 0.13046875
0 0.6265625 0.15546875 0.0421875 0.0796875
1 0.71953125 0.21953125 0.04140625 0.12109375
1 0.4765625 0.38828125 0.07734375 0.13046875
0 0.3875 0.18828125 0.04453125 0.075
1 0.3203125 0.15078125 0.04921875 0.1390625
1 0.09609375 0.50625 0.05625 0.2359375
1 0.45390625 0.16328125 0.05546875 0.11015625
1 0.371875 0.2609375 0.07734375 0.121875
1 0.56015625 0.20078125 0.06796875 0.10390625
1 0.81015625 0.38046875 0.06796875 0.1390625
1 0.88125 0.36328125 0.06953125 0.16484375
