0 0.48203125 0.36875 0.08203125 0.13125
1 0.3359375 0.57421875 0.11875 0.15078125
0 0.3609375 0.38828125 0.08359375 0.17890625
0 0.80703125 0.38828125 0.0703125 0.125
0 0.4515625 0.15390625 0.05078125 0.11953125
0 0.2046875 0.54296875 0.0703125 0.17109375
0 0.39765625 0.16640625 0.0390625 0.09296875
1 0.7 0.44453125 0.08125 0.096875
1 0.2375 0.40703125 0.08125 0.14453125
0 0.9359375 0.5234375 0.07421875 0.16640625
1 0.37578125 0.2640625 0.06484375 0.11875
1 0.8375 0.303125 0.05625 0.090625
0 0.49296875 0.53828125 0.08359375 0.203125
0 0.575 0.19140625 0.04375 0.10390625
1 0.64921875 0.20703125 0.06015625 0.0984375
1 0.7984375 0.2296875 0.04453125 0.0796875
1 0.61328125 0.41640625 0.075 0.09609375
1 0.08984375 0.50625 0.07265625 0.215625
1 0.56640625 0.14453125 0.04609375 0.08046875
1 0.71796875 0.22421875 0.0375 0.12109375
1 0.88125 0.428125 0.06171875 0.1796875
0 0.31640625 0.15703125 0.04921875 0.1015625
0 0.63046875 0.165625 0.05546875 0.125
1 0.78046875 0.29453125 0.0640625 0.11640625
