0 0.56640625 0.20078125 0.04609375 0.08359375
1 0.6984375 0.44375 0.08828125 0.09296875
0 0.77890625 0.29453125 0.05625 0.10078125
1 0.7984375 0.23359375 0.0453125 0.0734375
1 0.65 0.20390625 0.05703125 0.09140625
0 0.08515625 0.515625 0.06484375 0.18828125
1 0.18828125 0.59609375 0.1 0.1484375
1 0.8390625 0.30625 0.05390625 0.0859375
1 0.88359375 0.3984375 0.06171875 0.11484375
1 0.37578125 0.25859375 0.06640625 0.134375
1 0.94296875 0.54375 0.08203125 0.12421875
1 0.31953125 0.15078125 0.04921875 0.1
0 0.4890625 0.53671875 0.09609375 0.20546875
1 0.61484375 0.41875 0.0734375 0.13671875
0 0.2453125 0.36953125 0.071875 0.18203125
1 0.45234375 0.15703125 0.04921875 0.11640625
1 0.33046875 0.56328125 0.1125 0.196875
1 0.4671875 0.3609375 0.07421875 0.153125
0 0.63125 0.14375 0.04296875 0.0890625
0 0.5703125 0.140625 0.0453125 0.08828125
1 0.8109375 0.39921875 0.0609375 0.15078125
1 0.3640625 0.384375 0.109375 0.19296875
1 0.3984375 0.171875 0.0609375 0.13125
0 0.728125 0.209375 0.0578125 0.121875
