0 0.565625 0.19453125 0.046875 0.09140625
1 0.49296875 0.53671875 0.08984375 0.1953125
0 0.33125 0.56171875 0.1171875 0.1796875
1 0.70234375 0.43203125 0.09453125 0.09453125
1 0.23671875 0.3890625 0.07734375 0.18125
1 0.6515625 0.20859375 0.06171875 0.09140625
1 0.81328125 0.38828125 0.07109375 0.13203125
1 0.94375 0.55546875 0.0890625 0.1015625
1 0.79921875 0.22890625 0.04453125 0.075
1 0.8828125 0.39453125 0.05625 0.11015625
1 0.39296875 0.18203125 0.0375 0.0984375
1 0.36328125 0.38359375 0.08828125 0.1734375
1 0.61171875 0.41796875 0.07109375 0.13984375
0 0.09375 0.49765625 0.05703125 0.2140625
0 0.45390625 0.15703125 0.053125 0.11484375
1 0.73125 0.2359375 0.0625 0.103125
1 0.18828125 0.5734375 0.10234375 0.16640625
0 0.5703125 0.140625 0.05234375 0.0859375
0 0.63046875 0.14765625 0.04921875 0.07890625
1 0.4796875 0.37890625 0.07734375 0.14140625
0 0.3203125 0.15859375 0.0484375 0.1140625
0 0.3734375 0.259375 0.0875 0.15625
1 0.77890625 0.2859375 0.059375 0.10703125
1 0.84296875 0.30703125 0.06640625 0.0703125
