1 0.33125 0.55859375 0.11953125 0.1859375
0 0.4921875 0.53671875 0.0890625 0.2
1 0.240625 0.38828125 0.07109375 0.1765625
1 0.6515625 0.20859375 0.06015625 0.09375
1 0.80859375 0.39140625 0.0625 0.12578125
1 0.79921875 0.23046875 0.04375 0.07578125
1 0.7 0.4265625 0.09296875 0.103125
1 0.08984375 0.503125 0.0578125 0.221875
1 0.61328125 0.415625 0.07109375 0.14375
0 0.4546875 0.15859375 0.05234375 0.11171875
0 0.88125 0.39296875 0.05234375 0.115625
1 0.5734375 0.14296875 0.05546875 0.0859375
0 0.56640625 0.19375 0.046875 0.0984375
1 0.73203125 0.23359375 0.0625 0.103125
1 0.94296875 0.553125 0.08828125 0.11484375
1 0.3625 0.38203125 0.08828125 0.175
0 0.63046875 0.1484375 0.04921875 0.08125
1 0.18828125 0.56953125 0.0984375 0.1546875
1 0.83828125 0.29921875 0.05546875 0.0953125
1 0.4828125 0.3765625 0.08203125 0.1359375
0 0.3203125 0.15703125 0.065625 0.1453125
1 0.77578125 0.284375 0.06953125 0.11328125
1 0.37578125 0.25703125 0.071875 0.15546875
