0 0.20390625 0.54609375 0.06953125 0.16875
1 0.84296875 0.30703125 0.05234375 0.0890625
1 0.7046875 0.4484375 0.07109375 0.09296875
0 0.4890625 0.53515625 0.09609375 0.1984375
1 0.33359375 0.584375 0.13125 0.11875
0 0.63125 0.14453125 0.0453125 0.08828125
1 0.62109375 0.415625 0.08828125 0.13046875
1 0.6515625 0.20625 0.05859375 0.096875
1 0.240625 0.39765625 0.07109375 0.16953125
1 0.809375 0.240625 0.03984375 0.06953125
0 0.57578125 0.19140625 0.03828125 0.1015625
0 0.37421875 0.265625 0.06484375 0.12109375
1 0.8859375 0.38671875 0.0609375 0.0984375
0 0.5671875 0.14375 0.053125 0.0890625
1 0.3625 0.37890625 0.08828125 0.17109375
1 0.71953125 0.21953125 0.04140625 0.1234375
1 0.0953125 0.50625 0.05234375 0.234375
1 0.45234375 0.165625 0.05859375 0.10859375
1 0.38671875 0.1859375 0.04453125 0.07890625
1 0.9390625 0.52265625 0.0796875 0.1640625
0 0.3203125 0.153125 0.05234375 0.140625
1 0.76171875 0.27578125 0.04921875 0.1109375
1 0.80859375 0.43125 0.06328125 0.2234375
1 0.48125 0.38125 0.0984375 0.15
