1 0.23984375 0.3890625 0.07265625 0.1796875
1 0.70234375 0.43359375 0.09453125 0.09140625
0 0.33125 0.5640625 0.11796875 0.18515625
1 0.49296875 0.53671875 0.08984375 0.1984375
1 0.83828125 0.30390625 0.05703125 0.08984375
1 0.37421875 0.25625 0.0640625 0.1359375
1 0.8109375 0.390625 0.0640625 0.1265625
1 0.94375 0.55703125 0.0890625 0.10390625
1 0.6515625 0.21015625 0.0609375 0.09609375
1 0.48125 0.37890625 0.0765625 0.14375
1 0.775 0.29140625 0.06328125 0.109375
1 0.6109375 0.41640625 0.06953125 0.140625
1 0.36328125 0.38359375 0.08828125 0.175
0 0.56875 0.14453125 0.05078125 0.071875
1 0.1921875 0.57421875 0.09609375 0.16953125
1 0.8828125 0.39453125 0.05703125 0.11171875
0 0.09375 0.50078125 0.05703125 0.2203125
0 0.3203125 0.1640625 0.05 0.128125
0 0.56484375 0.19140625 0.04609375 0.1
0 0.63203125 0.14609375 0.0453125 0.0796875
0 0.4546875 0.15703125 0.05234375 0.11640625
1 0.7359375 0.2140625 0.06328125 0.09296875
1 0.8015625 0.225 0.07109375 0.11484375
1 0.38359375 0.1734375 0.06640625 0.1234375
