0 0.203125 0.53515625 0.07109375 0.16875
0 0.375 0.26171875 0.0671875 0.11484375
1 0.703125 0.440625 0.08203125 0.096875
0 0.5671875 0.19921875 0.0484375 0.1046875
1 0.9375 0.53515625 0.07578125 0.14453125
1 0.65078125 0.20859375 0.06171875 0.09375
1 0.84453125 0.31171875 0.04921875 0.07578125
1 0.7328125 0.2359375 0.06640625 0.09140625
1 0.7796875 0.30078125 0.05078125 0.08671875
1 0.6125 0.4140625 0.07109375 0.109375
1 0.4796875 0.37890625 0.0796875 0.1640625
1 0.79921875 0.22734375 0.04921875 0.0859375
0 0.63203125 0.13984375 0.0484375 0.0890625
1 0.4890625 0.53984375 0.0953125 0.19609375
1 0.08984375 0.4984375 0.0640625 0.2296875
1 0.45078125 0.16328125 0.05703125 0.115625
0 0.565625 0.14140625 0.04921875 0.090625
1 0.2484375 0.3765625 0.075 0.18203125
1 0.33125 0.55703125 0.11484375 0.19296875
0 0.88203125 0.39140625 0.05859375 0.128125
1 0.81484375 0.37734375 0.0625 0.14609375
0 0.31640625 0.14921875 0.07578125 0.14453125
1 0.3671875 0.38046875 0.10390625 0.15234375
0 0.38515625 0.1921875 0.0671875 0.090625
