1 0.7 0.44296875 0.08125 0.10078125
1 0.2 0.54140625 0.07734375 0.16328125
0 0.9359375 0.5234375 0.07578125 0.16640625
0 0.39765625 0.16640625 0.03515625 0.0890625
0 0.4921875 0.52421875 0.07734375 0.21796875
0 0.8375 0.29921875 0.0578125 0.09140625
1 0.79921875 0.23046875 0.04453125 0.07578125
1 0.234375 0.390625 0.07734375 0.15859375
1 0.575 0.14765625 0.05234375 0.075
0 0.65 0.20625 0.0609375 0.09375
1 0.61328125 0.41640625 0.07421875 0.09609375
0 0.32734375 0.54765625 0.1078125 0.17109375
0 0.57734375 0.19375 0.04296875 0.0984375
0 0.7703125 0.29453125 0.05859375 0.11796875
0 0.08359375 0.50390625 0.07265625 0.22109375
1 0.87578125 0.38671875 0.05078125 0.1296875
0 0.31640625 0.1640625 0.0484375 0.12421875
0 0.38125 0.24765625 0.06015625 0.11796875
0 0.3640625 0.36875 0.08203125 0.1609375
1 0.48515625 0.3609375 0.06484375 0.1359375
1 0.453125 0.15625 0.0515625 0.1234375
0 0.63359375 0.14765625 0.05546875 0.08984375
0 0.728125 0.221875 0.084375 0.1453125
0 0.8078125 0.36171875 0.0828125 0.1671875
