0 0.77265625 0.29140625 0.06484375 0.11328125
1 0.69921875 0.440625 0.0921875 0.096875
0 0.93828125 0.53203125 0.07890625 0.15
1 0.65234375 0.20703125 0.06171875 0.0953125
1 0.49296875 0.53828125 0.08984375 0.19375
1 0.4796875 0.38046875 0.07734375 0.14609375
0 0.575 0.13828125 0.0390625 0.08203125
1 0.3625 0.38203125 0.08828125 0.17421875
1 0.23671875 0.3890625 0.0765625 0.18359375
1 0.39140625 0.18046875 0.03984375 0.09296875
1 0.81171875 0.3859375 0.06484375 0.13046875
0 0.33046875 0.56015625 0.1171875 0.18671875
0 0.09296875 0.49375 0.0578125 0.1984375
1 0.4546875 0.1609375 0.05234375 0.1046875
1 0.79921875 0.22890625 0.04453125 0.0765625
1 0.8828125 0.39765625 0.0578125 0.10625
1 0.1890625 0.5765625 0.10546875 0.184375
1 0.73203125 0.23515625 0.06328125 0.1015625
0 0.61796875 0.40703125 0.05234375 0.16484375
0 0.3203125 0.16328125 0.04921875 0.1265625
0 0.5640625 0.19453125 0.0484375 0.096875
0 0.6296875 0.15703125 0.05 0.1
1 0.371875 0.2390625 0.07734375 0.134375
1 0.85078125 0.32421875 0.07109375 0.11015625
