1 0.2375 0.40390625 0.0828125 0.1546875
1 0.79765625 0.22890625 0.04765625 0.075
0 0.57109375 0.14375 0.05078125 0.09296875
1 0.65078125 0.20859375 0.06171875 0.09375
1 0.48125 0.37578125 0.07578125 0.1484375
0 0.77265625 0.29375 0.0609375 0.1015625
1 0.73203125 0.23203125 0.06328125 0.0984375
0 0.4546875 0.1609375 0.053125 0.1140625
1 0.83828125 0.30859375 0.05390625 0.0859375
0 0.56796875 0.1984375 0.0453125 0.09296875
1 0.38984375 0.178125 0.04296875 0.0890625
0 0.0921875 0.49765625 0.05703125 0.215625
1 0.3625 0.38203125 0.0875 0.18125
1 0.33203125 0.58359375 0.11796875 0.15859375
0 0.6328125 0.14375 0.0421875 0.0796875
0 0.88125 0.39140625 0.05234375 0.11640625
1 0.18671875 0.5640625 0.09609375 0.16875
0 0.93671875 0.52421875 0.075 0.1734375
0 0.3203125 0.165625 0.0515625 0.134375
0 0.37421875 0.24453125 0.06171875 0.13046875
1 0.4921875 0.53359375 0.0921875 0.20078125
1 0.61875 0.4109375 0.0890625 0.18671875
1 0.7046875 0.434375 0.1015625 0.1265625
1 0.81953125 0.38828125 0.06796875 0.1546875
