1 0.70546875 0.4484375 0.07421875 0.090625
0 0.49296875 0.53671875 0.08984375 0.2
1 0.6515625 0.20703125 0.05859375 0.09296875
1 0.23828125 0.3890625 0.07421875 0.1890625
1 0.18984375 0.58359375 0.09921875 0.146875
0 0.45390625 0.15859375 0.05234375 0.10625
0 0.4859375 0.37421875 0.07734375 0.146875
0 0.33515625 0.56328125 0.1015625 0.2046875
1 0.8375 0.29921875 0.05546875 0.10078125
1 0.79921875 0.22890625 0.0421875 0.08046875
1 0.615625 0.41875 0.07265625 0.15
1 0.3640625 0.38203125 0.08671875 0.17421875
1 0.0890625 0.48125 0.0703125 0.265625
1 0.39140625 0.17890625 0.03984375 0.09140625
0 0.93828125 0.5234375 0.07109375 0.1796875
0 0.6328125 0.14765625 0.0421875 0.0734375
0 0.57421875 0.14375 0.0546875 0.0984375
1 0.8765625 0.38203125 0.046875 0.13515625
0 0.56484375 0.203125 0.05234375 0.0984375
1 0.73125 0.23203125 0.0625 0.1
1 0.371875 0.2515625 0.071875 0.121875
0 0.31796875 0.15390625 0.06015625 0.1078125
0 0.77109375 0.28046875 0.06328125 0.11953125
0 0.81484375 0.37890625 0.05390625 0.1390625
