0 0.56796875 0.20703125 0.04453125 0.08515625
1 0.3296875 0.55390625 0.10546875 0.16171875
1 0.79921875 0.23046875 0.04375 0.07578125
0 0.49296875 0.53515625 0.08984375 0.2
1 0.6515625 0.20703125 0.06015625 0.09296875
1 0.809375 0.39140625 0.06171875 0.12578125
1 0.7 0.43046875 0.09140625 0.0984375
0 0.45390625 0.15859375 0.05234375 0.10625
1 0.37421875 0.25703125 0.06484375 0.13359375
0 0.2359375 0.3890625 0.0828125 0.18125
1 0.57265625 0.14140625 0.05703125 0.09453125
0 0.0921875 0.50625 0.05703125 0.2234375
1 0.73125 0.23203125 0.06328125 0.0984375
0 0.9390625 0.53515625 0.08515625 0.15703125
1 0.19140625 0.56953125 0.09453125 0.13984375
1 0.88203125 0.3984375 0.05703125 0.1015625
1 0.8390625 0.29921875 0.05390625 0.09375
1 0.61328125 0.415625 0.06953125 0.1453125
0 0.63203125 0.14609375 0.04453125 0.078125
1 0.48515625 0.378125 0.084375 0.1390625
1 0.38984375 0.178125 0.0375 0.0890625
0 0.3203125 0.15390625 0.0484375 0.1046875
1 0.3609375 0.3765625 0.1125 0.21484375
0 0.78203125 0.2921875 0.0671875 0.11875
