0 0.3375 0.55390625 0.12265625 0.1734375
1 0.93671875 0.53828125 0.0765625 0.13984375
0 0.4921875 0.54140625 0.0828125 0.20546875
0 0.22578125 0.38515625 0.08515625 0.1609375
0 0.62421875 0.16015625 0.0484375 0.0890625
1 0.7984375 0.23046875 0.04375 0.0796875
1 0.6125 0.41875 0.07421875 0.0984375
1 0.65078125 0.20546875 0.05703125 0.09296875
1 0.6984375 0.44453125 0.08359375 0.096875
1 0.37578125 0.26015625 0.06328125 0.12421875
0 0.07578125 0.51328125 0.08046875 0.19140625
1 0.809375 0.3859375 0.06171875 0.13828125
1 0.88203125 0.3984375 0.05859375 0.11875
1 0.45234375 0.15625 0.04921875 0.1234375
0 0.5671875 0.1984375 0.04609375 0.08671875
1 0.56953125 0.14453125 0.0515625 0.084375
0 0.4828125 0.3640625 0.0640625 0.1609375
0 0.3984375 0.16640625 0.0390625 0.090625
1 0.1859375 0.57421875 0.0890625 0.16953125
1 0.71796875 0.22421875 0.03515625 0.125
0 0.3140625 0.15390625 0.05078125 0.09375
0 0.3609375 0.378125 0.08359375 0.18671875
1 0.76796875 0.29296875 0.0546875 0.1203125
1 0.840625 0.29453125 0.06875 0.09765625
