0 0.2046875 0.54921875 0.07109375 0.17109375
1 0.65078125 0.20390625 0.0578125 0.09375
1 0.23828125 0.39453125 0.07578125 0.18515625
1 0.33359375 0.58515625 0.12578125 0.11875
1 0.79921875 0.23203125 0.04921875 0.08125
1 0.8109375 0.39453125 0.06015625 0.11171875
1 0.70546875 0.44765625 0.07265625 0.09375
0 0.49375 0.53203125 0.08828125 0.20546875
1 0.61953125 0.42109375 0.08984375 0.12578125
0 0.56953125 0.20390625 0.05 0.075
1 0.4515625 0.16015625 0.05078125 0.1203125
1 0.88125 0.39140625 0.06328125 0.10390625
1 0.38671875 0.18125 0.04375 0.08203125
1 0.565625 0.14609375 0.04921875 0.0890625
0 0.37421875 0.25859375 0.06015625 0.10625
1 0.940625 0.546875 0.08203125 0.1359375
1 0.83828125 0.31015625 0.05703125 0.08671875
1 0.36328125 0.38359375 0.09296875 0.1765625
1 0.09453125 0.50703125 0.059375 0.22578125
1 0.7578125 0.27578125 0.0453125 0.10390625
1 0.3234375 0.15859375 0.04453125 0.15859375
0 0.71875 0.2234375 0.03828125 0.1203125
1 0.4875 0.34375 0.08203125 0.1765625
1 0.63203125 0.1625 0.0609375 0.08203125
