0 0.56796875 0.20390625 0.04765625 0.075
0 0.375 0.2640625 0.06640625 0.11640625
1 0.70078125 0.4515625 0.08671875 0.09375
0 0.20546875 0.54140625 0.06953125 0.1609375
1 0.64921875 0.20703125 0.05546875 0.090625
1 0.62890625 0.153125 0.04921875 0.078125
0 0.8328125 0.29765625 0.04609375 0.09375
1 0.81328125 0.3859375 0.07109375 0.13984375
1 0.61328125 0.41640625 0.07578125 0.09609375
1 0.5703125 0.14765625 0.05234375 0.08984375
1 0.3625 0.38515625 0.08828125 0.17421875
1 0.7984375 0.23125 0.04453125 0.065625
1 0.88203125 0.39375 0.05390625 0.11875
1 0.9375 0.53125 0.06953125 0.1453125
1 0.33125 0.5671875 0.12421875 0.184375
1 0.31953125 0.14296875 0.0484375 0.1140625
0 0.778125 0.28828125 0.05390625 0.10078125
1 0.08671875 0.55078125 0.07421875 0.13125
1 0.3953125 0.16875 0.03828125 0.090625
0 0.47734375 0.365625 0.0703125 0.14140625
1 0.24140625 0.39765625 0.07734375 0.15625
1 0.71953125 0.22421875 0.03828125 0.125
1 0.48984375 0.53828125 0.09375 0.18828125
1 0.45078125 0.15703125 0.0515625 0.11640625
