0 0.33046875 0.56171875 0.11640625 0.18515625
1 0.4921875 0.5359375 0.08984375 0.19375
1 0.6515625 0.20703125 0.0609375 0.09453125
1 0.79921875 0.22890625 0.04453125 0.0765625
1 0.81171875 0.38828125 0.06796875 0.13203125
0 0.5734375 0.13671875 0.0390625 0.08125
1 0.94453125 0.55625 0.08984375 0.103125
0 0.09453125 0.4984375 0.05625 0.20703125
1 0.6125 0.41875 0.07109375 0.13671875
1 0.8828125 0.39765625 0.05703125 0.10625
1 0.39296875 0.18203125 0.03828125 0.09609375
0 0.4546875 0.16015625 0.05234375 0.10546875
1 0.48125 0.38125 0.08125 0.1453125
1 0.18828125 0.57890625 0.10390625 0.175
1 0.73125 0.23515625 0.06328125 0.1015625
0 0.56484375 0.190625 0.04765625 0.10625
1 0.70078125 0.43046875 0.09296875 0.1
1 0.36328125 0.38203125 0.08828125 0.171875
1 0.2375 0.3890625 0.0765625 0.18671875
0 0.3203125 0.16015625 0.04921875 0.11875
0 0.6296875 0.15390625 0.0484375 0.09375
0 0.37578125 0.2578125 0.07890625 0.14375
1 0.77890625 0.290625 0.0578125 0.1125
1 0.84140625 0.30703125 0.065625 0.0796875
