0 0.56640625 0.1984375 0.046875 0.08671875
1 0.65078125 0.20859375 0.05703125 0.09921875
1 0.7328125 0.23671875 0.06640625 0.0890625
1 0.18671875 0.59765625 0.0984375 0.1234375
1 0.69921875 0.44609375 0.08359375 0.0984375
1 0.4515625 0.15703125 0.05390625 0.11640625
1 0.84140625 0.31015625 0.053125 0.08515625
1 0.0890625 0.51640625 0.07109375 0.19296875
1 0.93828125 0.52421875 0.07265625 0.16015625
1 0.7765625 0.30078125 0.0578125 0.090625
1 0.6171875 0.41875 0.07578125 0.13671875
1 0.3625 0.384375 0.08828125 0.16875
1 0.33046875 0.55390625 0.11640625 0.19140625
1 0.3203125 0.1421875 0.0484375 0.115625
1 0.39453125 0.1671875 0.04765625 0.0953125
0 0.88203125 0.39609375 0.06015625 0.12421875
1 0.5734375 0.14296875 0.04921875 0.0859375
1 0.24921875 0.3734375 0.07421875 0.18359375
0 0.63515625 0.14140625 0.0375 0.08359375
1 0.37734375 0.28125 0.07734375 0.09375
1 0.48046875 0.36953125 0.06796875 0.125
1 0.48828125 0.54296875 0.09609375 0.2046875
1 0.8109375 0.43515625 0.0609375 0.2296875
1 0.7984375 0.20625 0.065625 0.13828125
