0 0.20390625 0.54921875 0.07109375 0.17109375
1 0.3328125 0.584375 0.128125 0.11875
0 0.571875 0.20859375 0.05390625 0.0640625
1 0.70625 0.44921875 0.07578125 0.09375
1 0.83828125 0.303125 0.05546875 0.08359375
1 0.6515625 0.20625 0.06015625 0.09140625
1 0.8 0.23203125 0.0484375 0.08125
1 0.81015625 0.39453125 0.06171875 0.11171875
0 0.49140625 0.50703125 0.08359375 0.2484375
1 0.36484375 0.38671875 0.08515625 0.171875
1 0.56796875 0.14609375 0.05390625 0.08515625
1 0.62109375 0.41875 0.0875 0.121875
1 0.45078125 0.15703125 0.0546875 0.109375
1 0.3875 0.18203125 0.0421875 0.0984375
1 0.23828125 0.403125 0.0765625 0.17421875
1 0.6296875 0.14609375 0.04765625 0.08125
1 0.9421875 0.5515625 0.0828125 0.1234375
1 0.75859375 0.2890625 0.04921875 0.1296875
1 0.87265625 0.41328125 0.05078125 0.21171875
0 0.46953125 0.37109375 0.09140625 0.1015625
0 0.0953125 0.50625 0.05703125 0.2265625
0 0.36796875 0.26484375 0.06953125 0.11171875
1 0.321875 0.1328125 0.0703125 0.153125
0 0.72265625 0.21328125 0.0421875 0.146875
