0 0.20390625 0.5484375 0.0703125 0.16484375
1 0.33359375 0.58359375 0.12890625 0.12109375
0 0.23984375 0.39375 0.07265625 0.1796875
1 0.70546875 0.4484375 0.075 0.09296875
0 0.4890625 0.53515625 0.09609375 0.2
1 0.65078125 0.20546875 0.05859375 0.09296875
1 0.88125 0.3890625 0.06171875 0.1109375
0 0.57265625 0.19453125 0.0515625 0.09140625
1 0.62109375 0.41875 0.08671875 0.12421875
1 0.38828125 0.18046875 0.04296875 0.09296875
1 0.8453125 0.3109375 0.04921875 0.08046875
1 0.75859375 0.2734375 0.04609375 0.09609375
0 0.8046875 0.22890625 0.05234375 0.09140625
1 0.63125 0.14921875 0.05078125 0.08203125
1 0.93671875 0.53046875 0.07265625 0.15390625
0 0.375 0.25703125 0.06328125 0.13359375
1 0.09453125 0.50859375 0.05703125 0.23203125
1 0.32109375 0.14921875 0.0515625 0.13203125
0 0.71875 0.2234375 0.03828125 0.1203125
0 0.4484375 0.15390625 0.05234375 0.12109375
1 0.56328125 0.14296875 0.04609375 0.08203125
1 0.3625 0.37265625 0.08828125 0.17109375
0 0.4796875 0.3765625 0.10625 0.140625
1 0.81484375 0.3828125 0.0671875 0.134375
