0 0.20390625 0.54140625 0.0703125 0.17421875
1 0.6203125 0.41953125 0.09140625 0.12109375
1 0.7046875 0.44765625 0.0734375 0.09375
1 0.4921875 0.53828125 0.08984375 0.196875
0 0.39140625 0.17578125 0.0421875 0.09296875
1 0.81015625 0.3890625 0.06328125 0.128125
1 0.6484375 0.20546875 0.05546875 0.0984375
1 0.3734375 0.26796875 0.06484375 0.1140625
1 0.7640625 0.290625 0.04921875 0.10859375
1 0.48203125 0.38203125 0.08515625 0.13515625
1 0.2375 0.39140625 0.0765625 0.18359375
1 0.33515625 0.5515625 0.11640625 0.13828125
0 0.09609375 0.50703125 0.05390625 0.22578125
1 0.88203125 0.40390625 0.05859375 0.11015625
0 0.63828125 0.14609375 0.0453125 0.07578125
1 0.56328125 0.1984375 0.0515625 0.090625
0 0.56953125 0.15078125 0.05546875 0.0890625
0 0.93828125 0.5265625 0.0765625 0.16015625
0 0.4515625 0.16328125 0.0578125 0.10859375
1 0.3640625 0.38046875 0.10859375 0.19453125
0 0.32109375 0.15703125 0.0671875 0.1359375
0 0.72421875 0.21484375 0.06328125 0.13125
1 0.803125 0.23125 0.05390625 0.11015625
1 0.84140625 0.2984375 0.0625 0.11875
