0 0.56640625 0.1984375 0.04609375 0.08515625
0 0.33125 0.55703125 0.11640625 0.1984375
1 0.9375 0.53125 0.0734375 0.146875
1 0.65078125 0.20703125 0.06015625 0.09453125
1 0.73203125 0.23671875 0.06640625 0.09296875
1 0.69921875 0.44453125 0.08515625 0.096875
1 0.79609375 0.23203125 0.05078125 0.07421875
0 0.36328125 0.38046875 0.08828125 0.178125
1 0.18359375 0.59609375 0.09765625 0.11875
1 0.84140625 0.30859375 0.05390625 0.084375
1 0.7765625 0.30078125 0.05546875 0.08671875
1 0.4515625 0.15703125 0.05390625 0.11484375
1 0.6171875 0.41875 0.07578125 0.13671875
0 0.09296875 0.50390625 0.05546875 0.21953125
1 0.8828125 0.403125 0.06171875 0.109375
1 0.5734375 0.14296875 0.04921875 0.0859375
0 0.39296875 0.16875 0.04765625 0.0890625
1 0.3171875 0.153125 0.04765625 0.10390625
1 0.63515625 0.14140625 0.03671875 0.08359375
1 0.4796875 0.36953125 0.06796875 0.125
1 0.246875 0.3734375 0.07421875 0.18125
1 0.4890625 0.54296875 0.09609375 0.2046875
1 0.37578125 0.278125 0.0875 0.096875
1 0.8109375 0.3765625 0.0640625 0.15
