0 0.203125 0.5359375 0.0703125 0.17109375
0 0.56328125 0.2109375 0.05234375 0.08203125
1 0.65078125 0.20703125 0.0609375 0.09453125
1 0.4890625 0.54140625 0.09453125 0.20546875
1 0.79765625 0.23203125 0.05 0.078125
1 0.72890625 0.23828125 0.05859375 0.08828125
1 0.24765625 0.37421875 0.07734375 0.16953125
1 0.4515625 0.15546875 0.05234375 0.11640625
1 0.83984375 0.31328125 0.05546875 0.075
0 0.63125 0.140625 0.04921875 0.09375
1 0.61484375 0.41875 0.07890625 0.14296875
1 0.4796875 0.36640625 0.06640625 0.13515625
0 0.57109375 0.14296875 0.046875 0.08828125
0 0.93828125 0.52421875 0.07578125 0.16796875
1 0.31796875 0.15390625 0.0453125 0.103125
1 0.884375 0.403125 0.05859375 0.10703125
1 0.39140625 0.1640625 0.03984375 0.08515625
1 0.375 0.275 0.08046875 0.103125
1 0.70390625 0.43671875 0.08203125 0.1015625
1 0.36328125 0.38359375 0.08828125 0.17109375
1 0.3328125 0.55703125 0.11484375 0.1984375
1 0.0953125 0.50625 0.06484375 0.2265625
1 0.7765625 0.28125 0.05390625 0.1125
1 0.81171875 0.384375 0.08359375 0.16953125
