0 0.8390625 0.30078125 0.05390625 0.09453125
1 0.33125 0.55234375 0.10078125 0.16328125
0 0.56640625 0.1984375 0.04921875 0.0890625
0 0.49296875 0.5359375 0.0890625 0.19921875
1 0.6515625 0.20859375 0.0609375 0.0953125
1 0.79921875 0.22890625 0.0453125 0.0734375
1 0.81015625 0.39140625 0.0625 0.12578125
1 0.7 0.43046875 0.09140625 0.0984375
0 0.45390625 0.16015625 0.053125 0.10859375
1 0.3625 0.38359375 0.08828125 0.1734375
1 0.73203125 0.23203125 0.06328125 0.0984375
0 0.94375 0.5484375 0.0875 0.128125
1 0.61328125 0.415625 0.06953125 0.1453125
1 0.1875 0.571875 0.09921875 0.15625
1 0.88203125 0.3984375 0.0578125 0.10390625
0 0.0921875 0.5015625 0.06015625 0.2140625
0 0.57109375 0.14140625 0.05625 0.08671875
1 0.24140625 0.38828125 0.07109375 0.175
0 0.63203125 0.14609375 0.04453125 0.07578125
0 0.3734375 0.25625 0.06484375 0.13046875
1 0.48203125 0.37890625 0.08046875 0.14375
0 0.3203125 0.15546875 0.04921875 0.109375
1 0.78203125 0.28359375 0.075 0.11171875
