0 0.20390625 0.53359375 0.07109375 0.1734375
1 0.7046875 0.446875 0.0734375 0.09375
1 0.65078125 0.20625 0.05859375 0.0953125
1 0.79765625 0.23125 0.04609375 0.0734375
1 0.33203125 0.5875 0.10625 0.175
1 0.83671875 0.30625 0.05703125 0.09375
1 0.4921875 0.53671875 0.08984375 0.20390625
0 0.57421875 0.2109375 0.0515625 0.08203125
1 0.61953125 0.41875 0.0921875 0.121875
1 0.5703125 0.14453125 0.0546875 0.096875
0 0.63203125 0.1484375 0.04375 0.0796875
1 0.72734375 0.2234375 0.05546875 0.12578125
0 0.0953125 0.50703125 0.05703125 0.228125
0 0.37421875 0.26328125 0.0640625 0.1140625
0 0.4515625 0.16796875 0.05859375 0.0953125
1 0.3890625 0.17578125 0.04140625 0.090625
1 0.48046875 0.38125 0.08203125 0.1359375
1 0.23828125 0.390625 0.07265625 0.184375
1 0.88203125 0.39140625 0.0578125 0.12421875
1 0.9390625 0.52421875 0.07578125 0.16796875
1 0.77578125 0.29921875 0.06015625 0.09140625
0 0.3203125 0.1609375 0.04921875 0.12109375
1 0.3625 0.378125 0.08828125 0.16640625
1 0.81328125 0.38359375 0.0671875 0.1359375
