1 0.81015625 0.39609375 0.0609375 0.109375
1 0.2390625 0.40078125 0.07265625 0.16640625
0 0.20390625 0.54921875 0.0703125 0.16953125
1 0.70625 0.4484375 0.07578125 0.09453125
1 0.33359375 0.5890625 0.12890625 0.11875
1 0.79921875 0.23046875 0.05 0.0796875
1 0.6203125 0.41875 0.0890625 0.128125
1 0.45 0.15625 0.0546875 0.10859375
1 0.49296875 0.53203125 0.08828125 0.2046875
1 0.88046875 0.39140625 0.05703125 0.1015625
1 0.65078125 0.20703125 0.05859375 0.090625
1 0.8390625 0.31015625 0.05859375 0.08515625
1 0.38671875 0.18125 0.04609375 0.08828125
1 0.56484375 0.14921875 0.053125 0.08828125
0 0.56953125 0.20390625 0.04921875 0.0734375
1 0.7578125 0.28203125 0.046875 0.11640625
1 0.94140625 0.52890625 0.08125 0.1640625
1 0.09453125 0.50703125 0.05625 0.221875
0 0.71796875 0.22109375 0.03828125 0.1203125
1 0.36796875 0.3859375 0.0859375 0.17109375
0 0.6296875 0.14375 0.04296875 0.08125
1 0.48359375 0.3515625 0.06328125 0.16015625
1 0.3234375 0.15859375 0.04609375 0.16796875
1 0.375 0.26796875 0.06484375 0.1171875
