0 0.57109375 0.20546875 0.05234375 0.09453125
0 0.3703125 0.2640625 0.0640625 0.11875
1 0.2390625 0.39140625 0.07265625 0.18671875
1 0.7046875 0.446875 0.07265625 0.09375
1 0.61953125 0.41171875 0.0875 0.14296875
1 0.7984375 0.23125 0.0453125 0.075
1 0.4921875 0.5359375 0.08984375 0.20078125
1 0.65078125 0.20625 0.06015625 0.0953125
1 0.8375 0.30390625 0.05703125 0.0953125
1 0.3328125 0.578125 0.10703125 0.18359375
0 0.0953125 0.503125 0.053125 0.22578125
0 0.625 0.15703125 0.04375 0.09453125
0 0.453125 0.16796875 0.0578125 0.0984375
0 0.5703125 0.14375 0.05390625 0.09296875
1 0.71796875 0.22265625 0.0390625 0.1265625
1 0.8828125 0.40703125 0.06015625 0.13125
1 0.4828125 0.37890625 0.08828125 0.13046875
1 0.36328125 0.37578125 0.08359375 0.18515625
1 0.9421875 0.52265625 0.06953125 0.16484375
1 0.19296875 0.571875 0.09765625 0.1546875
0 0.3203125 0.16015625 0.04921875 0.11875
1 0.39453125 0.1765625 0.04921875 0.0875
1 0.775 0.29765625 0.07109375 0.09453125
1 0.815625 0.3890625 0.0640625 0.1375
