0 0.20390625 0.54765625 0.06953125 0.1640625
0 0.57265625 0.19140625 0.05 0.09609375
1 0.33359375 0.58515625 0.12890625 0.1203125
0 0.4890625 0.53515625 0.09609375 0.2
1 0.70546875 0.4484375 0.07421875 0.09296875
1 0.65078125 0.20625 0.05859375 0.09140625
1 0.84453125 0.31328125 0.04921875 0.08203125
0 0.47890625 0.3734375 0.090625 0.13671875
0 0.23984375 0.39375 0.0734375 0.18125
0 0.88046875 0.384375 0.05859375 0.1203125
1 0.80859375 0.24296875 0.04296875 0.0734375
1 0.75859375 0.28125 0.04765625 0.1140625
1 0.3640625 0.38515625 0.0890625 0.18359375
1 0.38828125 0.18125 0.0421875 0.0953125
1 0.628125 0.4140625 0.0875 0.12421875
0 0.3203125 0.14609375 0.05078125 0.12421875
1 0.93671875 0.53046875 0.0734375 0.15390625
1 0.0953125 0.50625 0.05703125 0.2234375
1 0.5625 0.14140625 0.04375 0.08125
0 0.4484375 0.15390625 0.05234375 0.12109375
0 0.71875 0.2234375 0.03828125 0.11875
1 0.81015625 0.43359375 0.0625 0.22890625
1 0.3765625 0.265625 0.07109375 0.15
1 0.6375 0.14609375 0.05390625 0.09609375
