0 0.375 0.2640625 0.06640625 0.11640625
1 0.7734375 0.28671875 0.0578125 0.1015625
1 0.3359375 0.55859375 0.1203125 0.17890625
1 0.65078125 0.20703125 0.05859375 0.1015625
0 0.48984375 0.53359375 0.09453125 0.1953125
0 0.19921875 0.53671875 0.08203125 0.18515625
1 0.6140625 0.41640625 0.07578125 0.1
1 0.5703125 0.14375 0.05078125 0.090625
0 0.48203125 0.34765625 0.06328125 0.1546875
0 0.81328125 0.38515625 0.06796875 0.1390625
0 0.24140625 0.39765625 0.07578125 0.16171875
1 0.79921875 0.23046875 0.04453125 0.06484375
1 0.45078125 0.153125 0.05234375 0.1109375
1 0.3625 0.3859375 0.08828125 0.1734375
1 0.8828125 0.39296875 0.0546875 0.1140625
0 0.63125 0.14375 0.0453125 0.090625
1 0.31953125 0.14296875 0.04921875 0.1140625
1 0.70078125 0.44609375 0.0859375 0.1
1 0.71875 0.2234375 0.03828125 0.121875
0 0.8328125 0.30078125 0.04921875 0.08125
0 0.56484375 0.19609375 0.04609375 0.09296875
1 0.38828125 0.16796875 0.04765625 0.0953125
1 0.08984375 0.50234375 0.06640625 0.2140625
0 0.9390625 0.52421875 0.07578125 0.16015625
