0 0.20546875 0.54453125 0.07109375 0.165625
1 0.7 0.44453125 0.08125 0.096875
0 0.23671875 0.38671875 0.07578125 0.15390625
0 0.4515625 0.153125 0.05078125 0.1203125
1 0.79921875 0.23125 0.04453125 0.07890625
0 0.49296875 0.53203125 0.08046875 0.20546875
1 0.64921875 0.20390625 0.0578125 0.0953125
1 0.8828125 0.42890625 0.06015625 0.1734375
1 0.61328125 0.415625 0.075 0.096875
0 0.08046875 0.5140625 0.0796875 0.2015625
0 0.628125 0.14375 0.0421875 0.09296875
1 0.79609375 0.36328125 0.0640625 0.1453125
1 0.315625 0.16015625 0.0484375 0.109375
1 0.84453125 0.30546875 0.04453125 0.08671875
0 0.57734375 0.18828125 0.04921875 0.10625
1 0.93671875 0.52890625 0.07578125 0.17109375
1 0.56484375 0.14296875 0.04296875 0.084375
0 0.32734375 0.5390625 0.10390625 0.178125
1 0.39609375 0.16640625 0.0375 0.09296875
1 0.71875 0.22421875 0.03828125 0.1234375
0 0.378125 0.25390625 0.06953125 0.13046875
0 0.3625 0.38125 0.08515625 0.18203125
1 0.4734375 0.37109375 0.07109375 0.159375
1 0.771875 0.28125 0.06171875 0.12109375
