0 0.39453125 0.17109375 0.0390625 0.09296875
0 0.375 0.26171875 0.06328125 0.12421875
1 0.646875 0.203125 0.0546875 0.09453125
1 0.79765625 0.23125 0.04609375 0.0765625
1 0.45078125 0.15625 0.05390625 0.1140625
0 0.48515625 0.36328125 0.075 0.13203125
1 0.6140625 0.415625 0.07578125 0.096875
0 0.63125 0.14609375 0.04453125 0.08671875
1 0.6953125 0.44140625 0.090625 0.1015625
1 0.88125 0.39609375 0.05703125 0.1109375
1 0.81015625 0.3859375 0.06171875 0.13828125
0 0.4859375 0.53046875 0.09140625 0.21328125
1 0.31640625 0.165625 0.0484375 0.0734375
0 0.23671875 0.390625 0.0671875 0.146875
1 0.57265625 0.14375 0.05546875 0.08671875
0 0.0796875 0.509375 0.071875 0.209375
0 0.56171875 0.203125 0.0546875 0.10390625
0 0.93828125 0.5265625 0.075 0.16015625
1 0.18984375 0.56953125 0.0953125 0.16171875
1 0.33984375 0.56640625 0.09296875 0.23671875
0 0.36015625 0.37578125 0.0859375 0.14296875
0 0.72578125 0.21953125 0.05859375 0.13125
1 0.7765625 0.28828125 0.06953125 0.11171875
1 0.84921875 0.3046875 0.05703125 0.12109375
