0 0.36015625 0.3859375 0.08359375 0.175
0 0.33828125 0.55546875 0.11796875 0.1703125
0 0.3140625 0.15390625 0.05234375 0.096875
1 0.6984375 0.44609375 0.08359375 0.09609375
0 0.08671875 0.51015625 0.06953125 0.2
0 0.49140625 0.53828125 0.08359375 0.21171875
1 0.65078125 0.20546875 0.0578125 0.09453125
1 0.6125 0.41796875 0.07421875 0.096875
1 0.7796875 0.29140625 0.05234375 0.10703125
0 0.2359375 0.38203125 0.07109375 0.1484375
1 0.56640625 0.14609375 0.04453125 0.08359375
1 0.45234375 0.15546875 0.05 0.121875
0 0.57890625 0.19375 0.04140625 0.0984375
1 0.1859375 0.59453125 0.0875 0.1265625
1 0.8390625 0.30703125 0.0546875 0.08125
1 0.39765625 0.16640625 0.040625 0.09296875
1 0.93984375 0.528125 0.07421875 0.1609375
0 0.6234375 0.1609375 0.0453125 0.09140625
1 0.46953125 0.353125 0.06953125 0.14609375
1 0.37578125 0.2640625 0.06328125 0.121875
1 0.88125 0.42421875 0.06015625 0.17109375
1 0.71796875 0.22421875 0.03671875 0.1265625
1 0.815625 0.3859375 0.0671875 0.16328125
1 0.7984375 0.225 0.07265625 0.10546875
