0 0.571875 0.20859375 0.05390625 0.065625
1 0.875 0.37109375 0.065625 0.13125
1 0.3328125 0.58515625 0.1265625 0.11875
1 0.45078125 0.15703125 0.05390625 0.10546875
1 0.6515625 0.20625 0.05859375 0.09140625
1 0.62109375 0.41796875 0.08828125 0.1234375
1 0.8109375 0.39453125 0.06171875 0.11171875
1 0.365625 0.3875 0.08515625 0.18203125
0 0.0828125 0.50390625 0.08046875 0.21015625
1 0.79921875 0.234375 0.04921875 0.08125
1 0.70625 0.44921875 0.07578125 0.09140625
1 0.3875 0.18125 0.04375 0.09375
1 0.56796875 0.14453125 0.05390625 0.0859375
1 0.6296875 0.14609375 0.04765625 0.07421875
1 0.1875 0.59609375 0.0921875 0.16875
0 0.75859375 0.284375 0.04765625 0.11875
1 0.9375 0.54140625 0.075 0.13515625
1 0.71796875 0.22109375 0.03828125 0.121875
1 0.4875 0.35078125 0.06796875 0.15703125
1 0.32109375 0.15078125 0.05 0.1390625
1 0.23828125 0.40078125 0.075 0.16640625
1 0.49375 0.53046875 0.08828125 0.2109375
0 0.37734375 0.27265625 0.078125 0.14140625
1 0.834375 0.29765625 0.06953125 0.121875
