0 0.375 0.26328125 0.06484375 0.1234375
0 0.3375 0.55078125 0.12265625 0.178125
0 0.3609375 0.38828125 0.08515625 0.165625
0 0.63125 0.14609375 0.0453125 0.0890625
0 0.2328125 0.40703125 0.0765625 0.159375
0 0.4921875 0.53984375 0.08203125 0.2
1 0.65078125 0.20625 0.06015625 0.09375
0 0.6140625 0.41796875 0.07734375 0.1046875
1 0.88203125 0.3984375 0.0609375 0.11640625
0 0.79453125 0.22421875 0.04921875 0.08984375
1 0.7703125 0.28203125 0.04609375 0.1046875
1 0.81015625 0.3859375 0.0625 0.13828125
1 0.940625 0.54609375 0.08046875 0.12421875
1 0.5703125 0.14140625 0.0546875 0.09609375
1 0.69765625 0.43671875 0.08203125 0.1203125
1 0.31640625 0.16171875 0.04765625 0.0703125
0 0.57421875 0.2015625 0.05390625 0.084375
0 0.07890625 0.49375 0.075 0.1890625
1 0.4515625 0.15859375 0.05 0.1234375
0 0.48046875 0.36171875 0.07109375 0.1296875
0 0.18984375 0.578125 0.09453125 0.2109375
0 0.71875 0.2234375 0.0375 0.11875
1 0.8390625 0.30625 0.0765625 0.11171875
