0 0.20390625 0.54140625 0.0703125 0.17578125
1 0.3328125 0.57890625 0.12578125 0.13203125
1 0.6203125 0.41953125 0.09140625 0.12109375
1 0.7046875 0.446875 0.07421875 0.09375
1 0.83828125 0.30390625 0.05546875 0.09140625
0 0.79921875 0.22421875 0.04609375 0.09375
1 0.6484375 0.20390625 0.05546875 0.096875
1 0.7640625 0.28984375 0.04921875 0.109375
1 0.48203125 0.38125 0.08515625 0.13828125
1 0.4921875 0.53828125 0.0890625 0.196875
1 0.3734375 0.26875 0.06484375 0.11328125
1 0.9421875 0.53515625 0.07109375 0.15390625
1 0.23828125 0.39140625 0.07890625 0.18671875
1 0.88203125 0.40546875 0.05859375 0.11328125
1 0.6390625 0.14609375 0.04140625 0.07421875
0 0.56953125 0.15078125 0.05546875 0.0890625
0 0.39375 0.17421875 0.04296875 0.08828125
1 0.5625 0.196875 0.05078125 0.090625
1 0.0953125 0.50546875 0.05625 0.228125
0 0.3203125 0.16171875 0.04921875 0.121875
1 0.3609375 0.3828125 0.115625 0.18125
0 0.453125 0.15859375 0.0625 0.13515625
0 0.725 0.21875 0.06953125 0.1484375
1 0.8109375 0.3953125 0.07265625 0.159375
