0 0.2046875 0.540625 0.06875 0.16796875
1 0.64921875 0.20390625 0.05546875 0.096875
1 0.5640625 0.1984375 0.04921875 0.090625
1 0.3875 0.19140625 0.05 0.07421875
0 0.796875 0.21796875 0.04140625 0.084375
1 0.840625 0.30859375 0.0546875 0.09140625
1 0.70546875 0.4484375 0.07265625 0.09296875
1 0.77578125 0.290625 0.05390625 0.103125
1 0.240625 0.39453125 0.07109375 0.1765625
0 0.45546875 0.159375 0.05234375 0.1109375
0 0.88359375 0.38828125 0.05859375 0.1359375
0 0.48125 0.38828125 0.0921875 0.1359375
1 0.62109375 0.41640625 0.08984375 0.13359375
1 0.3734375 0.26796875 0.0640625 0.11171875
0 0.71875 0.22421875 0.03984375 0.12109375
1 0.48828125 0.54375 0.09765625 0.2015625
1 0.94296875 0.55546875 0.08203125 0.13359375
0 0.5671875 0.146875 0.05703125 0.09375
0 0.63046875 0.14453125 0.04375 0.08203125
1 0.09453125 0.5140625 0.05859375 0.2515625
1 0.3625 0.38359375 0.0875 0.18203125
1 0.33828125 0.56796875 0.12578125 0.15078125
0 0.3203125 0.16328125 0.0484375 0.12890625
1 0.81171875 0.390625 0.08125 0.159375
