0 0.37578125 0.2609375 0.06328125 0.125
0 0.33828125 0.553125 0.11796875 0.17578125
0 0.48828125 0.36015625 0.06953125 0.1296875
0 0.36015625 0.3859375 0.084375 0.17109375
0 0.4921875 0.53828125 0.0828125 0.21171875
1 0.6984375 0.44453125 0.08515625 0.096875
1 0.6125 0.41796875 0.07421875 0.096875
0 0.2375 0.38046875 0.06796875 0.14296875
1 0.65078125 0.20625 0.0578125 0.09375
1 0.56640625 0.14609375 0.04453125 0.08359375
1 0.83828125 0.30625 0.05703125 0.084375
1 0.45234375 0.15546875 0.05 0.121875
1 0.7984375 0.23046875 0.04453125 0.0796875
0 0.578125 0.19375 0.04296875 0.0984375
1 0.19453125 0.53203125 0.08515625 0.2109375
1 0.94140625 0.51953125 0.07265625 0.17109375
0 0.31484375 0.15546875 0.05078125 0.1015625
1 0.08125 0.51015625 0.07578125 0.209375
1 0.88125 0.4265625 0.06015625 0.175
0 0.62421875 0.1609375 0.04375 0.09140625
1 0.71796875 0.2265625 0.0359375 0.1265625
0 0.38984375 0.1609375 0.0609375 0.103125
1 0.7765625 0.290625 0.0609375 0.125
1 0.81328125 0.38046875 0.071875 0.1765625
