1 0.70625 0.4484375 0.07578125 0.09296875
1 0.4921875 0.54140625 0.08984375 0.21328125
0 0.2390625 0.39140625 0.0734375 0.18515625
1 0.80859375 0.38828125 0.0625 0.12890625
1 0.65078125 0.20703125 0.06015625 0.09609375
1 0.615625 0.41328125 0.07265625 0.14375
0 0.3328125 0.56953125 0.1078125 0.196875
0 0.3890625 0.17890625 0.0390625 0.09375
1 0.79765625 0.23125 0.04453125 0.075
1 0.19296875 0.5765625 0.10078125 0.153125
0 0.63203125 0.15078125 0.04609375 0.08125
1 0.7171875 0.22109375 0.0390625 0.12578125
0 0.0953125 0.49921875 0.053125 0.21953125
0 0.365625 0.2640625 0.0671875 0.0984375
1 0.88203125 0.41640625 0.05859375 0.140625
0 0.571875 0.14296875 0.0515625 0.0953125
0 0.93671875 0.53671875 0.07109375 0.18359375
0 0.3203125 0.159375 0.05078125 0.11875
1 0.48203125 0.37890625 0.08828125 0.12890625
0 0.56953125 0.20390625 0.05078125 0.0953125
0 0.35078125 0.365625 0.10078125 0.17578125
0 0.45078125 0.165625 0.05703125 0.10859375
1 0.775 0.28671875 0.0640625 0.08984375
1 0.84296875 0.3015625 0.05 0.096875
