0 0.20546875 0.54453125 0.0703125 0.1734375
0 0.49375 0.52890625 0.08828125 0.20859375
1 0.6515625 0.20625 0.06015625 0.09375
1 0.70546875 0.44765625 0.07265625 0.09375
1 0.79921875 0.23046875 0.05078125 0.08125
1 0.334375 0.58515625 0.12578125 0.11875
0 0.88125 0.3859375 0.06171875 0.115625
1 0.61953125 0.4140625 0.08203125 0.13359375
0 0.5703125 0.20390625 0.0484375 0.0765625
1 0.390625 0.178125 0.03984375 0.0859375
1 0.9390625 0.540625 0.07890625 0.1453125
1 0.08828125 0.51171875 0.0765625 0.23671875
1 0.240625 0.39609375 0.075 0.17578125
1 0.565625 0.14609375 0.05 0.090625
0 0.628125 0.1609375 0.0515625 0.0734375
0 0.45234375 0.16328125 0.05390625 0.1234375
1 0.4765625 0.37890625 0.08515625 0.15625
0 0.3625 0.378125 0.0875 0.18671875
1 0.7578125 0.2859375 0.046875 0.1234375
0 0.71875 0.22421875 0.0390625 0.1234375
1 0.31953125 0.1484375 0.05390625 0.13671875
1 0.378125 0.25703125 0.06953125 0.1234375
1 0.8375 0.30546875 0.0703125 0.11015625
1 0.8125 0.3765625 0.065625 0.13515625
