0 0.3375 0.55234375 0.12265625 0.175
0 0.49140625 0.5421875 0.08359375 0.2046875
0 0.1828125 0.58046875 0.08203125 0.15390625
1 0.6984375 0.44453125 0.08359375 0.096875
1 0.88203125 0.3984375 0.05859375 0.11640625
1 0.6125 0.41875 0.07421875 0.0984375
0 0.08125 0.51953125 0.08046875 0.18828125
1 0.37578125 0.2609375 0.06328125 0.1234375
1 0.4515625 0.15703125 0.04921875 0.121875
0 0.625 0.15859375 0.05 0.09375
1 0.31484375 0.15390625 0.04765625 0.10078125
1 0.8 0.22890625 0.04140625 0.07890625
1 0.65078125 0.20546875 0.05859375 0.09296875
0 0.56640625 0.19765625 0.046875 0.0859375
1 0.81015625 0.3859375 0.0625 0.13828125
0 0.48203125 0.3609375 0.06484375 0.1640625
0 0.39765625 0.16953125 0.0328125 0.084375
1 0.56796875 0.14140625 0.0515625 0.08515625
1 0.7171875 0.2234375 0.03359375 0.121875
1 0.93671875 0.52421875 0.0734375 0.165625
0 0.36171875 0.38125 0.08359375 0.18046875
0 0.23203125 0.38515625 0.08046875 0.15703125
1 0.77265625 0.28515625 0.06328125 0.1421875
1 0.8375 0.3046875 0.09453125 0.11796875
