0 0.56640625 0.19921875 0.04609375 0.084375
1 0.65078125 0.20859375 0.05703125 0.096875
1 0.73203125 0.23671875 0.06640625 0.090625
1 0.79609375 0.23203125 0.04921875 0.07421875
1 0.18671875 0.59765625 0.0984375 0.125
0 0.0875 0.51796875 0.06953125 0.19375
1 0.9390625 0.52578125 0.0734375 0.1609375
1 0.3640625 0.3828125 0.0890625 0.16875
1 0.8390625 0.30859375 0.0546875 0.084375
1 0.69921875 0.44609375 0.08515625 0.1
1 0.77578125 0.30078125 0.05703125 0.090625
1 0.61484375 0.41875 0.07578125 0.1390625
1 0.8828125 0.3984375 0.06171875 0.1203125
0 0.3203125 0.15 0.04921875 0.1015625
0 0.2484375 0.3734375 0.0734375 0.18359375
1 0.3921875 0.16640625 0.040625 0.09609375
1 0.45234375 0.1609375 0.04921875 0.12890625
1 0.4796875 0.36953125 0.06796875 0.125
1 0.48828125 0.54140625 0.09609375 0.20546875
1 0.5734375 0.1421875 0.04921875 0.084375
0 0.33046875 0.55390625 0.11640625 0.196875
0 0.63515625 0.14140625 0.03515625 0.08359375
1 0.3765625 0.2671875 0.071875 0.09609375
