0 0.63203125 0.14609375 0.04453125 0.09296875
0 0.3375 0.553125 0.1203125 0.17421875
0 0.4796875 0.36328125 0.0703125 0.13203125
1 0.65078125 0.20390625 0.0578125 0.09375
0 0.49375 0.52578125 0.07890625 0.221875
0 0.23671875 0.38515625 0.06484375 0.1484375
1 0.6125 0.4140625 0.0734375 0.0984375
1 0.571875 0.14375 0.05546875 0.0984375
1 0.81171875 0.38515625 0.06484375 0.1390625
1 0.88203125 0.3984375 0.05859375 0.11640625
0 0.375 0.26328125 0.06328125 0.1234375
1 0.77421875 0.28515625 0.0484375 0.11640625
1 0.696875 0.43828125 0.090625 0.1046875
1 0.4515625 0.15703125 0.04921875 0.11640625
0 0.0796875 0.49765625 0.0703125 0.203125
0 0.18828125 0.578125 0.0953125 0.209375
0 0.3609375 0.38515625 0.08671875 0.1609375
0 0.40546875 0.17421875 0.03828125 0.08046875
1 0.9390625 0.540625 0.0765625 0.13203125
1 0.31640625 0.15625 0.046875 0.084375
1 0.575 0.21328125 0.0796875 0.128125
0 0.7234375 0.22421875 0.05390625 0.140625
1 0.79765625 0.23125 0.0484375 0.11015625
1 0.84296875 0.3 0.075 0.09375
