0 0.57265625 0.20859375 0.053125 0.065625
1 0.33203125 0.5859375 0.12265625 0.115625
1 0.63203125 0.1484375 0.04453125 0.09296875
0 0.2375 0.3984375 0.07734375 0.171875
0 0.4875 0.35078125 0.06875 0.15703125
1 0.83828125 0.30703125 0.05703125 0.0953125
1 0.6203125 0.41953125 0.08515625 0.11953125
0 0.375 0.27734375 0.05625 0.1046875
1 0.65078125 0.20703125 0.05859375 0.09296875
1 0.79921875 0.23359375 0.04765625 0.08046875
1 0.8109375 0.39453125 0.0609375 0.115625
1 0.45078125 0.1515625 0.05234375 0.11953125
1 0.70625 0.4484375 0.0796875 0.09609375
0 0.07890625 0.50625 0.07265625 0.20625
1 0.56796875 0.14453125 0.0546875 0.0859375
0 0.9375 0.5234375 0.0734375 0.16328125
1 0.18828125 0.5984375 0.09375 0.171875
1 0.3953125 0.1640625 0.04140625 0.09921875
1 0.71875 0.22109375 0.03828125 0.1203125
1 0.88203125 0.4234375 0.0609375 0.18515625
1 0.321875 0.153125 0.04921875 0.14609375
1 0.49375 0.528125 0.08828125 0.21328125
0 0.7578125 0.2890625 0.04609375 0.1296875
1 0.36484375 0.3859375 0.084375 0.18203125
