1 0.70078125 0.45078125 0.08671875 0.09296875
0 0.56328125 0.20390625 0.04921875 0.075
1 0.61328125 0.415625 0.07578125 0.0953125
1 0.3328125 0.5640625 0.11796875 0.2
1 0.64765625 0.20390625 0.05390625 0.0953125
1 0.7984375 0.23125 0.04453125 0.0765625
0 0.49140625 0.53515625 0.090625 0.2109375
0 0.23359375 0.38515625 0.0796875 0.14453125
1 0.81015625 0.38671875 0.0625 0.13515625
1 0.45078125 0.15703125 0.05234375 0.11484375
1 0.5703125 0.146875 0.05078125 0.0953125
0 0.07890625 0.503125 0.06640625 0.20546875
0 0.6296875 0.14296875 0.04375 0.0953125
1 0.3953125 0.16953125 0.0359375 0.0953125
1 0.8796875 0.3859375 0.04765625 0.13828125
0 0.4890625 0.35625 0.08359375 0.146875
1 0.94140625 0.54609375 0.08203125 0.13125
0 0.71875 0.22421875 0.03671875 0.12109375
1 0.18984375 0.58671875 0.090625 0.15390625
1 0.3203125 0.14453125 0.04765625 0.11796875
1 0.36171875 0.38359375 0.0890625 0.1734375
0 0.7765625 0.29140625 0.05390625 0.0984375
1 0.37578125 0.25859375 0.06328125 0.10859375
1 0.840625 0.29375 0.059375 0.109375
