0 0.20390625 0.53671875 0.07109375 0.16328125
1 0.33203125 0.55703125 0.11640625 0.1890625
1 0.64921875 0.20703125 0.05703125 0.09453125
1 0.80078125 0.23359375 0.04296875 0.0765625
0 0.56328125 0.209375 0.05234375 0.08125
1 0.72734375 0.23671875 0.05703125 0.08671875
1 0.84140625 0.3125 0.05546875 0.075
1 0.45078125 0.153125 0.05390625 0.11328125
1 0.24765625 0.37578125 0.075 0.18125
1 0.57265625 0.14453125 0.04609375 0.0859375
1 0.88125 0.39140625 0.05859375 0.128125
1 0.3234375 0.13828125 0.04921875 0.11953125
1 0.3609375 0.38203125 0.08046875 0.17421875
0 0.63046875 0.14296875 0.0484375 0.0953125
1 0.615625 0.41875 0.0796875 0.14296875
1 0.484375 0.34609375 0.06328125 0.159375
0 0.9375 0.53828125 0.07734375 0.14140625
1 0.37578125 0.26015625 0.06328125 0.1203125
0 0.39296875 0.16640625 0.04296875 0.08359375
1 0.0953125 0.50625 0.06171875 0.22890625
1 0.70390625 0.43828125 0.08046875 0.10078125
1 0.48671875 0.54296875 0.09609375 0.19609375
0 0.771875 0.28515625 0.0671875 0.1328125
1 0.809375 0.37265625 0.0765625 0.15546875
