0 0.9390625 0.52265625 0.0796875 0.165625
0 0.3375 0.55625 0.11875 0.16796875
1 0.69921875 0.44453125 0.08515625 0.0953125
0 0.49140625 0.53984375 0.08203125 0.209375
0 0.39609375 0.16875 0.03828125 0.0890625
1 0.6515625 0.20546875 0.06015625 0.09296875
0 0.3171875 0.15625 0.04609375 0.09375
1 0.7984375 0.23046875 0.04375 0.0796875
1 0.184375 0.61796875 0.08515625 0.146875
1 0.61328125 0.41796875 0.07421875 0.096875
1 0.81015625 0.3859375 0.0625 0.13828125
0 0.48515625 0.365625 0.06796875 0.15625
1 0.57109375 0.15078125 0.05234375 0.0796875
1 0.37578125 0.26015625 0.0640625 0.1296875
0 0.36015625 0.38203125 0.084375 0.18359375
0 0.08125 0.52421875 0.0828125 0.196875
0 0.6234375 0.16171875 0.04765625 0.09296875
1 0.45390625 0.1515625 0.04921875 0.125
0 0.21796875 0.38828125 0.1078125 0.15859375
1 0.88203125 0.428125 0.05859375 0.178125
1 0.71796875 0.22578125 0.03671875 0.12578125
1 0.56875 0.2015625 0.06171875 0.10546875
1 0.77890625 0.28828125 0.06015625 0.1296875
1 0.8328125 0.30703125 0.0890625 0.09453125
