0 0.20390625 0.5390625 0.07109375 0.1609375
0 0.56171875 0.203125 0.05078125 0.09609375
1 0.33203125 0.55703125 0.1171875 0.1890625
1 0.77421875 0.2984375 0.0578125 0.09609375
1 0.64921875 0.20703125 0.05703125 0.09296875
1 0.7984375 0.23203125 0.04765625 0.078125
1 0.93828125 0.53359375 0.07734375 0.14375
1 0.4515625 0.153125 0.05234375 0.11328125
0 0.37578125 0.26171875 0.06484375 0.11640625
1 0.83984375 0.3109375 0.05625 0.07890625
0 0.88359375 0.38671875 0.05390625 0.13359375
1 0.73203125 0.23671875 0.0640625 0.08671875
1 0.57421875 0.14453125 0.04296875 0.084375
0 0.63125 0.140625 0.0484375 0.09375
1 0.39140625 0.16953125 0.04609375 0.0765625
1 0.61484375 0.41875 0.078125 0.14296875
1 0.70390625 0.4390625 0.08125 0.1
1 0.3265625 0.14296875 0.0515625 0.1359375
1 0.24765625 0.37578125 0.07578125 0.18359375
1 0.48828125 0.54609375 0.09765625 0.19609375
1 0.48515625 0.3484375 0.06328125 0.15703125
1 0.3609375 0.38203125 0.08046875 0.171875
1 0.09609375 0.50390625 0.06171875 0.2265625
1 0.8125 0.3828125 0.06953125 0.18125
