0 0.2046875 0.540625 0.06953125 0.1640625
1 0.6140625 0.41171875 0.071875 0.10546875
0 0.453125 0.16328125 0.0546875 0.096875
0 0.32734375 0.55859375 0.10859375 0.20859375
0 0.4921875 0.53984375 0.08984375 0.190625
1 0.7984375 0.23046875 0.04609375 0.071875
1 0.2453125 0.37109375 0.07109375 0.18125
0 0.4828125 0.36953125 0.07734375 0.184375
0 0.36171875 0.38046875 0.08671875 0.1796875
1 0.70234375 0.415625 0.0859375 0.11171875
1 0.65390625 0.20390625 0.05 0.08984375
0 0.6265625 0.153125 0.046875 0.10390625
1 0.8390625 0.31328125 0.05546875 0.075
1 0.57734375 0.1390625 0.05234375 0.0890625
0 0.09609375 0.50390625 0.06953125 0.225
1 0.73203125 0.23203125 0.06328125 0.0984375
0 0.31953125 0.1484375 0.04921875 0.09375
0 0.88203125 0.3984375 0.05703125 0.1109375
0 0.56875 0.19296875 0.04375 0.096875
1 0.81171875 0.44140625 0.06328125 0.25
0 0.9328125 0.5234375 0.07109375 0.171875
1 0.39296875 0.178125 0.0375 0.09453125
0 0.3765625 0.26171875 0.0703125 0.109375
1 0.7734375 0.28984375 0.0625 0.11484375
