0 0.5671875 0.19921875 0.0453125 0.08203125
1 0.88125 0.39140625 0.0546875 0.1203125
0 0.0859375 0.5140625 0.0640625 0.190625
0 0.65234375 0.19921875 0.04609375 0.08984375
1 0.36171875 0.3859375 0.08984375 0.17109375
1 0.3953125 0.17421875 0.03359375 0.09140625
1 0.70625 0.42109375 0.09140625 0.13125
0 0.47578125 0.36796875 0.06953125 0.1359375
0 0.321875 0.5359375 0.07578125 0.24140625
1 0.61328125 0.415625 0.0765625 0.14375
1 0.8390625 0.30546875 0.05390625 0.0890625
1 0.94375 0.54609375 0.08203125 0.1296875
1 0.571875 0.1359375 0.04296875 0.09375
1 0.8015625 0.23203125 0.0390625 0.06875
1 0.48984375 0.53359375 0.09296875 0.203125
1 0.1921875 0.5640625 0.08671875 0.128125
0 0.31953125 0.1515625 0.0484375 0.103125
0 0.76953125 0.28359375 0.05859375 0.11171875
0 0.71875 0.22265625 0.03828125 0.1234375
1 0.62890625 0.159375 0.0484375 0.0609375
1 0.2421875 0.40234375 0.07890625 0.1640625
0 0.45234375 0.15625 0.04921875 0.1234375
0 0.3765625 0.26171875 0.08671875 0.109375
1 0.8140625 0.37890625 0.07109375 0.1828125
