1 0.9375 0.53203125 0.075 0.15
1 0.23828125 0.39765625 0.07421875 0.1734375
1 0.33359375 0.58828125 0.12890625 0.11953125
0 0.2046875 0.54765625 0.06953125 0.1640625
1 0.36484375 0.3859375 0.08515625 0.16171875
1 0.70625 0.44921875 0.07578125 0.09375
1 0.79921875 0.23125 0.05078125 0.08046875
1 0.45078125 0.15703125 0.05390625 0.10703125
1 0.49296875 0.53125 0.08828125 0.2046875
1 0.62109375 0.415625 0.08671875 0.125
1 0.8109375 0.39453125 0.06015625 0.1140625
1 0.88046875 0.39140625 0.05703125 0.1015625
1 0.65078125 0.20703125 0.06015625 0.090625
1 0.5671875 0.1484375 0.05390625 0.090625
0 0.56953125 0.20390625 0.05 0.0765625
1 0.7578125 0.27890625 0.04609375 0.11015625
1 0.09453125 0.50703125 0.05625 0.22578125
0 0.71796875 0.22265625 0.03828125 0.12109375
1 0.48125 0.3515625 0.06171875 0.16015625
1 0.8390625 0.30859375 0.05859375 0.084375
0 0.63046875 0.14453125 0.04296875 0.07890625
1 0.3890625 0.17890625 0.0421875 0.09375
1 0.3234375 0.153125 0.046875 0.15546875
1 0.37890625 0.27734375 0.07890625 0.09921875
