0 0.56328125 0.20390625 0.04765625 0.0765625
0 0.36171875 0.38515625 0.08671875 0.15
1 0.7 0.45078125 0.0859375 0.09296875
1 0.64765625 0.20234375 0.05390625 0.0953125
1 0.81015625 0.38671875 0.06171875 0.13671875
1 0.57109375 0.14765625 0.05078125 0.09140625
0 0.4796875 0.36171875 0.07109375 0.14453125
1 0.45078125 0.15703125 0.05234375 0.11484375
0 0.49140625 0.534375 0.08984375 0.2109375
1 0.61328125 0.415625 0.07578125 0.096875
1 0.7984375 0.22578125 0.04453125 0.08671875
0 0.07890625 0.503125 0.06796875 0.20546875
1 0.62890625 0.140625 0.04453125 0.09140625
0 0.24140625 0.38359375 0.07578125 0.15625
1 0.18984375 0.58359375 0.090625 0.1453125
0 0.71875 0.2234375 0.03828125 0.121875
1 0.33359375 0.56640625 0.115625 0.2109375
1 0.39453125 0.16953125 0.03671875 0.09375
1 0.940625 0.53671875 0.0796875 0.1390625
1 0.87734375 0.38359375 0.04765625 0.1359375
1 0.31953125 0.14140625 0.04765625 0.11328125
0 0.375 0.25390625 0.06484375 0.115625
0 0.771875 0.28828125 0.090625 0.13515625
1 0.8421875 0.2984375 0.05703125 0.12734375
