0 0.56953125 0.203125 0.04765625 0.09609375
0 0.334375 0.565625 0.10390625 0.2046875
1 0.23828125 0.39140625 0.0734375 0.18671875
1 0.70546875 0.44921875 0.07421875 0.09140625
1 0.390625 0.178125 0.03671875 0.09296875
1 0.18984375 0.58203125 0.09921875 0.14609375
1 0.83828125 0.29921875 0.05703125 0.09375
1 0.65078125 0.20703125 0.05703125 0.09296875
0 0.4515625 0.15859375 0.05703125 0.10625
0 0.48203125 0.37109375 0.07890625 0.140625
0 0.62890625 0.15703125 0.05078125 0.090625
1 0.4921875 0.54296875 0.08984375 0.2140625
0 0.57109375 0.14375 0.04609375 0.0890625
1 0.6140625 0.41328125 0.07109375 0.14140625
0 0.09453125 0.5015625 0.05234375 0.2234375
0 0.77421875 0.28828125 0.05390625 0.1140625
1 0.88203125 0.428125 0.05859375 0.1609375
0 0.3203125 0.14765625 0.04921875 0.09375
1 0.36328125 0.38046875 0.0859375 0.171875
0 0.93671875 0.52265625 0.06875 0.1640625
1 0.37578125 0.253125 0.06015625 0.1203125
1 0.73046875 0.2296875 0.06015625 0.11484375
1 0.79765625 0.22890625 0.059375 0.08671875
1 0.81015625 0.38515625 0.06875 0.1484375
