1 0.6515625 0.20859375 0.06015625 0.09921875
1 0.490625 0.53828125 0.0890625 0.19375
1 0.4828125 0.37578125 0.07734375 0.1515625
1 0.7984375 0.22890625 0.04296875 0.0765625
0 0.56640625 0.20390625 0.0453125 0.0953125
1 0.190625 0.58359375 0.0984375 0.146875
1 0.70234375 0.44609375 0.075 0.09453125
0 0.45390625 0.165625 0.05390625 0.09375
1 0.809375 0.39140625 0.06171875 0.12421875
1 0.61484375 0.41328125 0.07421875 0.1453125
1 0.32578125 0.59140625 0.11640625 0.1703125
1 0.3921875 0.178125 0.03828125 0.09296875
1 0.88125 0.39453125 0.05546875 0.11015625
1 0.3625 0.37734375 0.0875 0.1640625
1 0.73125 0.22890625 0.0609375 0.10078125
0 0.93828125 0.5109375 0.07265625 0.19375
0 0.57421875 0.14375 0.0546875 0.1015625
0 0.63203125 0.14765625 0.04453125 0.0765625
1 0.23828125 0.38359375 0.07421875 0.1953125
1 0.0984375 0.4984375 0.0515625 0.24296875
1 0.37734375 0.24921875 0.05703125 0.12109375
1 0.8390625 0.30078125 0.05234375 0.09453125
0 0.31796875 0.153125 0.07578125 0.13359375
1 0.7859375 0.29375 0.07109375 0.13125
