1 0.70078125 0.44921875 0.08671875 0.0953125
0 0.24140625 0.39609375 0.07578125 0.1484375
0 0.20546875 0.54296875 0.06875 0.1734375
1 0.7984375 0.23046875 0.04609375 0.06640625
0 0.48984375 0.53671875 0.09375 0.1984375
0 0.32578125 0.546875 0.1046875 0.2046875
0 0.0796875 0.53359375 0.08359375 0.16171875
1 0.8375 0.30703125 0.0578125 0.08515625
1 0.6125 0.41640625 0.07578125 0.09609375
0 0.81796875 0.38203125 0.0765625 0.1453125
1 0.76875 0.29140625 0.0546875 0.1015625
0 0.88046875 0.390625 0.0484375 0.1234375
1 0.65 0.20078125 0.05625 0.08515625
1 0.57265625 0.1578125 0.05390625 0.0984375
0 0.47890625 0.365625 0.06875 0.14140625
1 0.9421875 0.53515625 0.07890625 0.13671875
1 0.39453125 0.16953125 0.03359375 0.08828125
1 0.71953125 0.22265625 0.03828125 0.1234375
1 0.3625 0.38359375 0.08828125 0.175
0 0.31953125 0.14921875 0.0484375 0.10078125
0 0.375 0.26640625 0.0671875 0.11640625
0 0.45078125 0.15546875 0.0515625 0.121875
0 0.571875 0.2078125 0.0609375 0.0953125
1 0.640625 0.15546875 0.06796875 0.0734375
