0 0.56640625 0.19921875 0.0453125 0.084375
0 0.2359375 0.38046875 0.08046875 0.16640625
1 0.65 0.20703125 0.0578125 0.09296875
0 0.49140625 0.53515625 0.09296875 0.1984375
1 0.8828125 0.39453125 0.05703125 0.11796875
0 0.0890625 0.51171875 0.07109375 0.178125
1 0.80078125 0.23203125 0.03984375 0.06640625
1 0.571875 0.13828125 0.04375 0.0859375
1 0.3296875 0.5734375 0.11328125 0.17578125
1 0.8375 0.30625 0.05859375 0.08828125
1 0.39609375 0.1734375 0.03515625 0.090625
1 0.70078125 0.440625 0.08828125 0.10859375
0 0.18984375 0.55859375 0.09375 0.22890625
1 0.36328125 0.38203125 0.08828125 0.171875
1 0.6140625 0.41328125 0.07578125 0.13828125
1 0.94296875 0.54375 0.08203125 0.128125
0 0.81875 0.38125 0.075 0.1546875
0 0.62890625 0.14453125 0.0484375 0.08203125
0 0.71875 0.22265625 0.03828125 0.1234375
0 0.31953125 0.1515625 0.04921875 0.103125
0 0.4671875 0.35625 0.0734375 0.14375
0 0.44921875 0.171875 0.05234375 0.1359375
1 0.3734375 0.240625 0.07734375 0.1375
0 0.77265625 0.2703125 0.0609375 0.12734375
