0 0.20390625 0.54375 0.06875 0.16328125
0 0.5625 0.19609375 0.04609375 0.08671875
1 0.70078125 0.44921875 0.08671875 0.09375
0 0.77265625 0.28515625 0.05859375 0.1015625
1 0.65078125 0.20703125 0.06015625 0.0984375
0 0.37578125 0.26640625 0.06796875 0.11640625
1 0.61328125 0.41640625 0.07578125 0.09609375
1 0.4609375 0.18125 0.05546875 0.05625
1 0.79453125 0.21796875 0.03828125 0.075
1 0.88359375 0.39453125 0.05546875 0.115625
1 0.56796875 0.140625 0.05234375 0.096875
0 0.49453125 0.54921875 0.0875 0.15859375
0 0.0796875 0.51171875 0.08203125 0.20390625
0 0.33515625 0.553125 0.1171875 0.20546875
0 0.8359375 0.303125 0.046875 0.0796875
0 0.63046875 0.14453125 0.04609375 0.09140625
0 0.3890625 0.17109375 0.04609375 0.090625
1 0.47734375 0.37890625 0.08515625 0.16171875
1 0.71875 0.22265625 0.03828125 0.1265625
1 0.24140625 0.39140625 0.0765625 0.16484375
1 0.94296875 0.54140625 0.08359375 0.13125
1 0.31953125 0.15078125 0.04921875 0.128125
1 0.81484375 0.38203125 0.071875 0.14296875
1 0.36328125 0.38515625 0.11484375 0.1984375
