0 0.57109375 0.21015625 0.05390625 0.06484375
1 0.86875 0.41796875 0.0484375 0.20078125
1 0.65078125 0.20703125 0.05859375 0.090625
1 0.4875 0.3515625 0.06953125 0.14921875
1 0.45 0.15703125 0.05390625 0.10703125
1 0.70625 0.44921875 0.0765625 0.09375
1 0.3328125 0.58515625 0.12578125 0.11875
1 0.8109375 0.39375 0.06171875 0.1109375
0 0.375 0.27109375 0.0625 0.11640625
1 0.49296875 0.52890625 0.0875 0.21015625
1 0.084375 0.50859375 0.0796875 0.20625
1 0.62109375 0.41640625 0.08984375 0.121875
1 0.79921875 0.23359375 0.04921875 0.08203125
1 0.5671875 0.14453125 0.05234375 0.0859375
1 0.36484375 0.38359375 0.08515625 0.175
1 0.240625 0.4015625 0.07578125 0.16796875
1 0.93671875 0.540625 0.07421875 0.13203125
1 0.38828125 0.17890625 0.04140625 0.09140625
1 0.6296875 0.14453125 0.04765625 0.07890625
0 0.1921875 0.58046875 0.0859375 0.1609375
1 0.7578125 0.28125 0.046875 0.11171875
1 0.71875 0.22265625 0.0390625 0.12109375
1 0.32265625 0.14765625 0.046875 0.1359375
1 0.83984375 0.29375 0.06171875 0.09609375
