0 0.571875 0.20859375 0.05390625 0.0640625
1 0.33359375 0.584375 0.12890625 0.11875
1 0.45 0.15625 0.0546875 0.10859375
1 0.70625 0.44921875 0.07578125 0.0953125
0 0.4953125 0.52578125 0.08359375 0.2296875
1 0.6515625 0.20703125 0.06015625 0.09296875
0 0.4875 0.3484375 0.06953125 0.1515625
1 0.8109375 0.39453125 0.06171875 0.11171875
1 0.8375 0.30859375 0.05390625 0.0859375
1 0.79921875 0.23203125 0.04921875 0.08359375
1 0.56796875 0.14453125 0.05546875 0.0859375
1 0.62265625 0.41875 0.08828125 0.121875
1 0.940625 0.54609375 0.08203125 0.128125
1 0.38671875 0.18203125 0.0421875 0.0984375
1 0.36484375 0.38359375 0.084375 0.17109375
0 0.36640625 0.26796875 0.05703125 0.11171875
1 0.8703125 0.41328125 0.04765625 0.21171875
0 0.6296875 0.14453125 0.0484375 0.07890625
1 0.23984375 0.40078125 0.07734375 0.1703125
0 0.20078125 0.54296875 0.07734375 0.18984375
0 0.08671875 0.51171875 0.0765625 0.21875
0 0.71875 0.22265625 0.03984375 0.12109375
1 0.32578125 0.14921875 0.06796875 0.1484375
0 0.7640625 0.27421875 0.06328125 0.1390625
