1 0.37421875 0.2640625 0.0671875 0.11875
0 0.453125 0.1671875 0.05546875 0.0890625
1 0.48515625 0.36875 0.07734375 0.14296875
1 0.33125 0.59921875 0.1171875 0.13828125
1 0.796875 0.23046875 0.04609375 0.071875
1 0.63125 0.14609375 0.04453125 0.08125
0 0.5703125 0.14453125 0.04921875 0.08828125
1 0.9453125 0.55625 0.09296875 0.10859375
1 0.83828125 0.30859375 0.05390625 0.084375
1 0.4953125 0.53359375 0.0890625 0.203125
1 0.8828125 0.3984375 0.05546875 0.10390625
1 0.65078125 0.20078125 0.05546875 0.090625
1 0.6953125 0.42578125 0.0828125 0.1359375
1 0.2015625 0.53125 0.07109375 0.196875
1 0.09296875 0.50078125 0.0578125 0.24296875
1 0.3203125 0.146875 0.05 0.09375
0 0.7703125 0.29375 0.0578125 0.1
1 0.61796875 0.40859375 0.0546875 0.16796875
0 0.5671875 0.19765625 0.0421875 0.09140625
1 0.23828125 0.39140625 0.09609375 0.1609375
1 0.359375 0.37734375 0.109375 0.1921875
1 0.8234375 0.396875 0.07890625 0.1625
1 0.73203125 0.221875 0.053125 0.09921875
1 0.38828125 0.171875 0.0578125 0.09296875
