1 0.4921875 0.53671875 0.08984375 0.19609375
1 0.8 0.22890625 0.04453125 0.0734375
1 0.33046875 0.56015625 0.11640625 0.19609375
1 0.6515625 0.20703125 0.06015625 0.09453125
1 0.5640625 0.19765625 0.05234375 0.08984375
1 0.39296875 0.18046875 0.03828125 0.09296875
1 0.83828125 0.315625 0.06015625 0.0734375
1 0.48203125 0.378125 0.07734375 0.14609375
0 0.63046875 0.14609375 0.0453125 0.0796875
0 0.4546875 0.16015625 0.053125 0.10546875
1 0.23515625 0.39375 0.07578125 0.17578125
0 0.09296875 0.50078125 0.05859375 0.2109375
0 0.93515625 0.5234375 0.0765625 0.171875
1 0.57421875 0.14453125 0.05 0.08984375
1 0.8828125 0.39609375 0.05703125 0.10703125
1 0.3625 0.37421875 0.0859375 0.16015625
1 0.73203125 0.23203125 0.06328125 0.09609375
1 0.19140625 0.58046875 0.10078125 0.17421875
1 0.690625 0.415625 0.07265625 0.146875
0 0.3203125 0.15703125 0.04921875 0.11875
0 0.6171875 0.4109375 0.06328125 0.16796875
1 0.37734375 0.2390625 0.09609375 0.14375
1 0.78125 0.290625 0.07265625 0.125
1 0.8109375 0.3875 0.0828125 0.15703125
