0 0.20234375 0.54453125 0.06953125 0.15625
1 0.7015625 0.44921875 0.08359375 0.09375
0 0.5640625 0.203125 0.04609375 0.0796875
1 0.64921875 0.20390625 0.05703125 0.09375
0 0.63046875 0.14296875 0.04453125 0.08828125
0 0.3359375 0.54921875 0.11484375 0.203125
1 0.7984375 0.23125 0.04453125 0.0765625
0 0.88046875 0.3859375 0.04765625 0.13203125
0 0.23828125 0.38125 0.07109375 0.1453125
1 0.45078125 0.15703125 0.05234375 0.11484375
1 0.6140625 0.415625 0.07578125 0.096875
1 0.93984375 0.54140625 0.08203125 0.13359375
0 0.3609375 0.38203125 0.0859375 0.13515625
1 0.81640625 0.38515625 0.07578125 0.140625
0 0.07890625 0.51015625 0.08125 0.2015625
0 0.71796875 0.228125 0.03671875 0.12421875
1 0.56953125 0.14140625 0.05078125 0.09453125
0 0.49609375 0.546875 0.0859375 0.1640625
1 0.47578125 0.4015625 0.0890625 0.13203125
0 0.375 0.26328125 0.0671875 0.1234375
0 0.3203125 0.1484375 0.04765625 0.11328125
1 0.3953125 0.1734375 0.06171875 0.11796875
0 0.7765625 0.29375 0.0578125 0.10390625
1 0.84140625 0.30390625 0.06875 0.125
