0 0.56953125 0.20390625 0.04921875 0.075
0 0.2046875 0.5484375 0.0703125 0.16640625
1 0.81015625 0.39453125 0.06171875 0.11015625
1 0.79921875 0.23125 0.04921875 0.07890625
1 0.70546875 0.4484375 0.07265625 0.09296875
1 0.65078125 0.20703125 0.05859375 0.090625
1 0.49296875 0.53203125 0.08828125 0.20703125
1 0.23828125 0.39453125 0.07578125 0.18046875
1 0.33359375 0.58359375 0.125 0.11796875
0 0.5640625 0.1609375 0.05078125 0.065625
1 0.83828125 0.30703125 0.05859375 0.09453125
0 0.62109375 0.4171875 0.090625 0.12578125
1 0.45 0.15546875 0.0546875 0.1109375
1 0.3640625 0.38515625 0.09140625 0.18125
1 0.321875 0.14453125 0.04921875 0.10859375
1 0.38828125 0.18203125 0.04609375 0.08359375
1 0.88203125 0.39375 0.0625 0.1015625
1 0.7578125 0.28125 0.04609375 0.11171875
0 0.71875 0.2234375 0.03828125 0.1203125
0 0.375 0.25859375 0.05859375 0.10625
1 0.94140625 0.54140625 0.08203125 0.13359375
1 0.0953125 0.50703125 0.0578125 0.22578125
1 0.6328125 0.14453125 0.04375 0.08046875
1 0.47890625 0.3453125 0.0828125 0.18515625
