0 0.20390625 0.5390625 0.0703125 0.17578125
1 0.33359375 0.58203125 0.1296875 0.121875
1 0.7046875 0.44765625 0.07265625 0.0953125
1 0.48203125 0.38125 0.08515625 0.14140625
1 0.3625 0.38203125 0.08828125 0.1703125
1 0.49296875 0.53671875 0.08984375 0.2
1 0.81015625 0.390625 0.06328125 0.12890625
1 0.62109375 0.41953125 0.090625 0.12109375
1 0.64765625 0.20390625 0.053125 0.096875
1 0.5625 0.2015625 0.05078125 0.10078125
0 0.63359375 0.14921875 0.04609375 0.084375
1 0.5703125 0.14921875 0.05546875 0.08828125
1 0.88203125 0.403125 0.0578125 0.10703125
1 0.79921875 0.2265625 0.04375 0.08828125
1 0.72421875 0.22421875 0.05078125 0.1265625
0 0.3203125 0.16171875 0.05078125 0.12421875
1 0.93671875 0.52421875 0.0703125 0.16015625
1 0.2390625 0.3859375 0.07890625 0.1734375
0 0.09453125 0.50859375 0.05859375 0.23046875
0 0.4515625 0.16875 0.0578125 0.0984375
1 0.38984375 0.17578125 0.04140625 0.090625
1 0.371875 0.2625 0.0828125 0.11640625
1 0.76953125 0.2890625 0.06015625 0.11875
1 0.840625 0.30546875 0.05546875 0.10078125
