0 0.20546875 0.553125 0.07421875 0.18671875
1 0.45234375 0.22109375 0.06015625 0.24296875
1 0.70234375 0.4484375 0.09140625 0.10546875
0 0.48984375 0.53203125 0.11015625 0.20703125
1 0.33046875 0.5765625 0.11171875 0.11796875
0 0.37734375 0.265625 0.06328125 0.1140625
1 0.65 0.20546875 0.06171875 0.0984375
1 0.7296875 0.23671875 0.06015625 0.09453125
0 0.56796875 0.19921875 0.04765625 0.0859375
0 0.625 0.1484375 0.03828125 0.06875
0 0.48125 0.35078125 0.06796875 0.1484375
1 0.79765625 0.23125 0.04921875 0.06953125
1 0.61328125 0.41640625 0.07421875 0.0984375
0 0.10546875 0.56640625 0.06171875 0.28515625
1 0.5703125 0.15625 0.05078125 0.0734375
1 0.3890625 0.18671875 0.05390625 0.06640625
1 0.8390625 0.30859375 0.05703125 0.10078125
0 0.36640625 0.3609375 0.09140625 0.14375
1 0.8765625 0.38671875 0.04921875 0.128125
0 0.784375 0.29453125 0.04921875 0.07890625
1 0.23359375 0.39296875 0.078125 0.153125
0 0.321875 0.1671875 0.05546875 0.165625
1 0.9421875 0.559375 0.08203125 0.140625
0 0.79765625 0.35625 0.07421875 0.1828125
