1 0.3328125 0.58359375 0.12734375 0.11796875
0 0.571875 0.21015625 0.05390625 0.06328125
1 0.2390625 0.3984375 0.075 0.1703125
1 0.48671875 0.34921875 0.06640625 0.153125
1 0.70625 0.44921875 0.07421875 0.09375
1 0.45078125 0.15703125 0.05390625 0.109375
0 0.4953125 0.52578125 0.08359375 0.228125
1 0.65078125 0.20703125 0.05859375 0.09296875
1 0.8 0.23359375 0.04765625 0.08203125
1 0.8109375 0.39453125 0.06328125 0.11015625
0 0.0921875 0.5109375 0.0640625 0.21171875
1 0.56796875 0.14453125 0.0546875 0.084375
1 0.6296875 0.14453125 0.04921875 0.07890625
1 0.62265625 0.41875 0.08828125 0.1203125
1 0.7578125 0.2765625 0.046875 0.10625
0 0.36640625 0.26796875 0.05625 0.11171875
1 0.93984375 0.54453125 0.07890625 0.13046875
1 0.8734375 0.41328125 0.04921875 0.21171875
1 0.38671875 0.18359375 0.0421875 0.09921875
1 0.36484375 0.3859375 0.08515625 0.17109375
1 0.19609375 0.58671875 0.08203125 0.18515625
1 0.71875 0.22109375 0.03984375 0.12421875
1 0.32109375 0.13046875 0.05390625 0.14296875
1 0.8390625 0.3078125 0.0765625 0.109375
