0 0.56484375 0.20390625 0.046875 0.075
1 0.70078125 0.45078125 0.08671875 0.09296875
0 0.49453125 0.53671875 0.08671875 0.18359375
0 0.36015625 0.38046875 0.084375 0.13125
1 0.7984375 0.23203125 0.04453125 0.078125
0 0.88046875 0.3859375 0.04921875 0.12890625
1 0.65078125 0.20390625 0.05859375 0.096875
1 0.93828125 0.53125 0.07578125 0.146875
1 0.6140625 0.415625 0.07421875 0.09921875
0 0.56953125 0.14296875 0.05 0.096875
1 0.81171875 0.38359375 0.06796875 0.1453125
1 0.45078125 0.15703125 0.05078125 0.11484375
0 0.078125 0.5109375 0.08203125 0.196875
0 0.24375 0.37265625 0.06953125 0.175
1 0.715625 0.2265625 0.03515625 0.1234375
0 0.37578125 0.26171875 0.06484375 0.1296875
0 0.63203125 0.14375 0.04140625 0.0890625
0 0.32265625 0.1484375 0.04765625 0.10390625
1 0.20390625 0.53203125 0.08046875 0.178125
1 0.334375 0.5484375 0.1171875 0.2015625
1 0.39609375 0.16875 0.03515625 0.09453125
0 0.4703125 0.365625 0.09453125 0.1875
1 0.7765625 0.290625 0.0609375 0.1125
1 0.83828125 0.3 0.06484375 0.09921875
