0 0.571875 0.21015625 0.05390625 0.06328125
0 0.20390625 0.54921875 0.071875 0.1765625
0 0.49453125 0.53046875 0.08671875 0.21875
1 0.8 0.23203125 0.0484375 0.08125
1 0.45 0.15625 0.0546875 0.10859375
1 0.70625 0.44921875 0.075 0.0953125
0 0.48828125 0.353125 0.07265625 0.15390625
1 0.65078125 0.20703125 0.05859375 0.090625
1 0.81015625 0.39453125 0.06171875 0.11171875
1 0.33359375 0.58515625 0.125 0.11875
1 0.83828125 0.30703125 0.05078125 0.08671875
1 0.38671875 0.18359375 0.0421875 0.09921875
1 0.62109375 0.41875 0.08828125 0.1203125
1 0.56796875 0.14453125 0.05546875 0.084375
0 0.6296875 0.14453125 0.04765625 0.0765625
0 0.36640625 0.26875 0.05703125 0.109375
1 0.2390625 0.403125 0.078125 0.171875
1 0.8734375 0.37734375 0.0546875 0.1421875
1 0.9421875 0.54765625 0.084375 0.125
0 0.09296875 0.5234375 0.0671875 0.2203125
1 0.7578125 0.28125 0.046875 0.1140625
1 0.36484375 0.38515625 0.084375 0.1703125
0 0.71875 0.22109375 0.0390625 0.1203125
1 0.3203125 0.14765625 0.04453125 0.1140625
