0 0.20390625 0.54921875 0.06953125 0.16953125
0 0.4890625 0.53828125 0.09609375 0.19375
1 0.6515625 0.20859375 0.05859375 0.10078125
1 0.33515625 0.58671875 0.13203125 0.11875
0 0.4796875 0.37890625 0.08828125 0.146875
1 0.4515625 0.1640625 0.05703125 0.0984375
1 0.7046875 0.44765625 0.07265625 0.09375
1 0.8453125 0.31171875 0.0484375 0.08515625
0 0.36328125 0.38203125 0.0875 0.18515625
1 0.38671875 0.18203125 0.04296875 0.0953125
1 0.76171875 0.27578125 0.05 0.10703125
0 0.8078125 0.24140625 0.040625 0.0703125
1 0.9390625 0.528125 0.075 0.15703125
0 0.63046875 0.14375 0.04609375 0.0890625
0 0.56640625 0.1484375 0.05703125 0.0890625
1 0.2375 0.3921875 0.0796875 0.184375
1 0.8828125 0.38515625 0.06015625 0.1015625
0 0.5703125 0.19296875 0.05234375 0.09375
0 0.09453125 0.50546875 0.05546875 0.2296875
1 0.62265625 0.41875 0.0890625 0.12421875
1 0.71796875 0.22109375 0.03828125 0.12421875
0 0.3203125 0.14609375 0.05078125 0.11640625
1 0.3703125 0.26171875 0.090625 0.1328125
1 0.8109375 0.3796875 0.08046875 0.1375
