0 0.2046875 0.53671875 0.07109375 0.16328125
1 0.70390625 0.440625 0.08125 0.0953125
1 0.44921875 0.15390625 0.05546875 0.1140625
1 0.65078125 0.20703125 0.0609375 0.09453125
1 0.48984375 0.53359375 0.09375 0.19375
1 0.38828125 0.17578125 0.04296875 0.08671875
1 0.3328125 0.5609375 0.1171875 0.196875
1 0.79609375 0.2234375 0.0484375 0.08359375
1 0.61328125 0.41171875 0.07265625 0.10546875
1 0.73203125 0.2359375 0.06484375 0.08984375
1 0.4796875 0.36640625 0.07890625 0.1390625
0 0.31875 0.14375 0.0484375 0.1015625
0 0.63046875 0.13984375 0.04765625 0.0890625
1 0.56796875 0.14453125 0.04765625 0.084375
1 0.8390625 0.31328125 0.05859375 0.0765625
1 0.08828125 0.49375 0.07421875 0.25078125
1 0.88125 0.39453125 0.06015625 0.1234375
0 0.5703125 0.19609375 0.04765625 0.09609375
0 0.934375 0.52578125 0.07265625 0.16640625
1 0.3609375 0.38203125 0.08203125 0.175
1 0.78125 0.30625 0.05 0.09296875
1 0.2484375 0.37578125 0.07578125 0.1703125
1 0.37265625 0.26171875 0.08359375 0.1234375
1 0.80625 0.39140625 0.09609375 0.13828125
