0 0.5625 0.19609375 0.04609375 0.0890625
0 0.20390625 0.54375 0.06875 0.1609375
1 0.70078125 0.4484375 0.08671875 0.09453125
1 0.65 0.20390625 0.05703125 0.09375
0 0.3609375 0.38203125 0.0859375 0.1390625
0 0.63046875 0.14453125 0.04453125 0.08984375
1 0.6140625 0.41640625 0.07578125 0.09609375
0 0.77265625 0.28671875 0.059375 0.10546875
1 0.884375 0.39453125 0.05546875 0.1140625
0 0.375 0.2640625 0.06796875 0.121875
1 0.81640625 0.38203125 0.07421875 0.14453125
0 0.0796875 0.51171875 0.0828125 0.20546875
0 0.83515625 0.303125 0.04609375 0.08125
1 0.56796875 0.13828125 0.05234375 0.09375
0 0.7984375 0.21640625 0.0453125 0.08125
1 0.459375 0.18359375 0.05703125 0.06171875
1 0.9421875 0.540625 0.0828125 0.13046875
0 0.403125 0.1859375 0.0390625 0.06171875
0 0.33515625 0.55078125 0.115625 0.209375
0 0.31953125 0.14453125 0.04921875 0.1203125
0 0.71875 0.22421875 0.03671875 0.1234375
0 0.24140625 0.39375 0.07734375 0.16875
1 0.4765625 0.40546875 0.0859375 0.12578125
0 0.49453125 0.5484375 0.08671875 0.1609375
