1 0.37421875 0.2640625 0.0671875 0.121875
0 0.2046875 0.540625 0.06875 0.15859375
1 0.49140625 0.53828125 0.09140625 0.19140625
1 0.24296875 0.38125 0.07734375 0.146875
1 0.79765625 0.23046875 0.04609375 0.071875
1 0.83828125 0.30859375 0.05546875 0.0859375
0 0.56796875 0.19765625 0.04765625 0.09375
0 0.44921875 0.16875 0.05625 0.090625
0 0.56953125 0.14140625 0.05078125 0.09609375
0 0.6359375 0.14453125 0.03359375 0.07890625
1 0.69609375 0.41796875 0.08671875 0.12890625
1 0.32890625 0.57421875 0.109375 0.21796875
1 0.0984375 0.50703125 0.05703125 0.23125
0 0.88046875 0.38671875 0.05078125 0.1296875
0 0.7703125 0.29296875 0.0609375 0.1046875
0 0.3203125 0.146875 0.05 0.09375
1 0.9375 0.5234375 0.0765625 0.171875
1 0.73203125 0.23125 0.0609375 0.10078125
0 0.6203125 0.41015625 0.05390625 0.17578125
1 0.3921875 0.1828125 0.053125 0.1234375
1 0.3578125 0.37421875 0.1109375 0.1859375
1 0.4921875 0.37109375 0.09921875 0.1671875
1 0.81484375 0.38984375 0.071875 0.16171875
0 0.65 0.20546875 0.0609375 0.11328125
