0 0.2046875 0.54140625 0.06953125 0.16875
1 0.70390625 0.4484375 0.07265625 0.09296875
1 0.3875 0.1890625 0.05 0.07578125
1 0.8421875 0.30625 0.05234375 0.08828125
1 0.6484375 0.20390625 0.0546875 0.096875
1 0.240625 0.39375 0.071875 0.175
1 0.81015625 0.390625 0.06328125 0.12890625
1 0.88203125 0.39609375 0.06015625 0.12421875
1 0.775 0.290625 0.05234375 0.103125
1 0.3328125 0.5734375 0.1234375 0.14609375
0 0.5671875 0.14765625 0.05859375 0.09375
1 0.62265625 0.41875 0.08984375 0.121875
0 0.7953125 0.21328125 0.04296875 0.0859375
1 0.94296875 0.55390625 0.08203125 0.13203125
0 0.45703125 0.15546875 0.05078125 0.1109375
1 0.37421875 0.26875 0.06484375 0.11328125
0 0.6296875 0.14453125 0.04140625 0.08203125
1 0.48828125 0.5421875 0.0984375 0.2
1 0.5640625 0.19765625 0.05 0.09140625
0 0.09453125 0.503125 0.0578125 0.228125
0 0.71875 0.22578125 0.04296875 0.128125
1 0.3625 0.38203125 0.08828125 0.18515625
0 0.32109375 0.165625 0.04921875 0.13203125
1 0.48203125 0.39453125 0.09296875 0.11953125
