0 0.5671875 0.1953125 0.04765625 0.09375
0 0.2046875 0.53828125 0.06953125 0.16171875
1 0.7953125 0.23046875 0.04765625 0.07421875
1 0.48984375 0.53515625 0.09453125 0.19296875
1 0.65078125 0.20703125 0.05859375 0.09296875
1 0.78046875 0.30078125 0.05078125 0.09296875
1 0.70390625 0.4390625 0.08203125 0.0984375
0 0.63046875 0.13984375 0.04765625 0.090625
0 0.3203125 0.14453125 0.0484375 0.096875
1 0.56796875 0.14453125 0.04765625 0.08203125
1 0.84296875 0.31171875 0.05234375 0.07421875
1 0.6125 0.41328125 0.07265625 0.10859375
1 0.44921875 0.153125 0.0515625 0.11875
1 0.47890625 0.365625 0.07890625 0.1453125
1 0.88203125 0.39453125 0.05703125 0.1234375
1 0.375 0.2640625 0.06484375 0.121875
1 0.08828125 0.48671875 0.07109375 0.25546875
1 0.33203125 0.5609375 0.11640625 0.196875
0 0.9359375 0.52421875 0.071875 0.1640625
1 0.24765625 0.37421875 0.075 0.18203125
1 0.7328125 0.23125 0.06171875 0.103125
1 0.3875 0.178125 0.065625 0.10546875
1 0.3578125 0.37734375 0.09609375 0.1703125
0 0.81484375 0.378125 0.0671875 0.13828125
