0 0.20390625 0.54375 0.06953125 0.1609375
0 0.56953125 0.19921875 0.05078125 0.08046875
0 0.48828125 0.53359375 0.09765625 0.20078125
1 0.6515625 0.20625 0.05703125 0.09375
1 0.70546875 0.4484375 0.07421875 0.09296875
0 0.4796875 0.37265625 0.08984375 0.134375
1 0.9390625 0.52890625 0.075 0.153125
1 0.33359375 0.57578125 0.12734375 0.14609375
1 0.84453125 0.31171875 0.04921875 0.078125
1 0.38984375 0.18203125 0.03984375 0.09609375
0 0.45546875 0.1640625 0.0515625 0.1015625
1 0.23984375 0.39296875 0.0734375 0.18046875
0 0.3203125 0.14375 0.04921875 0.109375
1 0.8828125 0.38828125 0.06015625 0.0953125
0 0.375 0.25625 0.06328125 0.13046875
1 0.5625 0.140625 0.04765625 0.08984375
1 0.81015625 0.24140625 0.04296875 0.071875
1 0.63046875 0.14609375 0.04921875 0.090625
1 0.621875 0.41796875 0.08828125 0.1234375
1 0.759375 0.27890625 0.04765625 0.10625
1 0.09375 0.50546875 0.0609375 0.221875
0 0.71953125 0.22109375 0.03984375 0.11875
1 0.80859375 0.4359375 0.06484375 0.234375
1 0.36328125 0.38125 0.08828125 0.175
