0 0.4921875 0.54140625 0.0890625 0.21328125
1 0.23828125 0.390625 0.07265625 0.1859375
1 0.70546875 0.4484375 0.07421875 0.090625
1 0.18984375 0.58203125 0.0984375 0.14609375
1 0.65078125 0.20625 0.05859375 0.09375
1 0.8 0.23125 0.0421875 0.075
0 0.48515625 0.36953125 0.0765625 0.14375
0 0.4515625 0.15703125 0.05703125 0.10625
1 0.81171875 0.38671875 0.06640625 0.13671875
0 0.33359375 0.56640625 0.1046875 0.2015625
0 0.57421875 0.14375 0.0546875 0.0984375
0 0.09453125 0.5046875 0.05390625 0.2203125
0 0.36328125 0.38125 0.08671875 0.17109375
1 0.9453125 0.515625 0.0703125 0.1640625
1 0.615625 0.41328125 0.071875 0.14375
1 0.8828125 0.4171875 0.05859375 0.1953125
0 0.63203125 0.1484375 0.0453125 0.07578125
1 0.38828125 0.178125 0.03828125 0.08671875
0 0.5640625 0.203125 0.04765625 0.0984375
0 0.3203125 0.146875 0.05546875 0.10703125
1 0.371875 0.2515625 0.071875 0.121875
1 0.72890625 0.2265625 0.0625 0.09921875
0 0.76953125 0.28671875 0.0546875 0.12265625
1 0.8375 0.2875 0.05546875 0.115625
