0 0.2046875 0.5390625 0.06796875 0.1609375
1 0.37421875 0.26328125 0.06640625 0.1234375
1 0.48984375 0.53515625 0.09453125 0.1984375
1 0.6125 0.4140625 0.07109375 0.1015625
1 0.70390625 0.440625 0.08203125 0.09375
1 0.2453125 0.37265625 0.07265625 0.18203125
1 0.47890625 0.36640625 0.07734375 0.16640625
1 0.79765625 0.23125 0.04453125 0.0734375
1 0.33203125 0.55703125 0.11328125 0.221875
0 0.3203125 0.14609375 0.04921875 0.09609375
1 0.571875 0.13671875 0.05390625 0.08671875
1 0.8421875 0.31328125 0.05234375 0.0734375
1 0.65390625 0.203125 0.05078125 0.090625
1 0.73125 0.23203125 0.0625 0.09609375
1 0.45546875 0.15625 0.04765625 0.11015625
0 0.0921875 0.50625 0.07890625 0.22890625
0 0.88203125 0.39609375 0.05625 0.11328125
0 0.63046875 0.14140625 0.04296875 0.08125
0 0.9328125 0.52265625 0.07109375 0.1734375
0 0.5703125 0.19296875 0.04765625 0.0953125
1 0.3625 0.384375 0.1046875 0.17890625
1 0.3921875 0.1734375 0.065625 0.1140625
0 0.77578125 0.2890625 0.06953125 0.11328125
1 0.81328125 0.37265625 0.075 0.1328125
