0 0.5625 0.203125 0.05078125 0.09609375
0 0.20390625 0.53828125 0.07265625 0.16171875
1 0.9375 0.53515625 0.0765625 0.14453125
1 0.33203125 0.55859375 0.1171875 0.18828125
1 0.79765625 0.23203125 0.04921875 0.07578125
1 0.64921875 0.20859375 0.05859375 0.09375
1 0.73359375 0.23671875 0.0671875 0.09296875
1 0.4515625 0.15546875 0.05390625 0.11328125
1 0.83984375 0.3109375 0.05546875 0.07890625
0 0.4859375 0.34921875 0.06328125 0.153125
1 0.78046875 0.30078125 0.05 0.0890625
0 0.37578125 0.2640625 0.06484375 0.11875
1 0.571875 0.14453125 0.04453125 0.08203125
1 0.70390625 0.4390625 0.08203125 0.1
0 0.63046875 0.140625 0.04921875 0.096875
1 0.61484375 0.41875 0.07890625 0.140625
1 0.24765625 0.37421875 0.07265625 0.175
1 0.3234375 0.14453125 0.04765625 0.134375
1 0.4890625 0.54765625 0.0984375 0.1953125
1 0.3921875 0.16640625 0.04453125 0.08515625
1 0.8828125 0.38671875 0.05625 0.13671875
1 0.0953125 0.50546875 0.0640625 0.228125
1 0.35625 0.3828125 0.0953125 0.171875
1 0.815625 0.38828125 0.071875 0.1453125
