0 0.5609375 0.19609375 0.05 0.08671875
1 0.7 0.4515625 0.0859375 0.09375
1 0.33515625 0.55859375 0.11953125 0.184375
1 0.83984375 0.30625 0.05390625 0.0859375
1 0.646875 0.20390625 0.05546875 0.096875
1 0.7984375 0.23125 0.0453125 0.0765625
0 0.4828125 0.3515625 0.07421875 0.1546875
0 0.48984375 0.528125 0.0859375 0.221875
1 0.88125 0.39609375 0.05703125 0.109375
1 0.3625 0.38515625 0.09296875 0.1703125
1 0.1890625 0.58125 0.09140625 0.1734375
1 0.6140625 0.415625 0.0765625 0.096875
1 0.45078125 0.15703125 0.05234375 0.11328125
1 0.56875 0.1359375 0.04453125 0.09140625
0 0.0796875 0.4984375 0.06796875 0.2
0 0.2421875 0.39296875 0.06875 0.12890625
0 0.3796875 0.26171875 0.06953125 0.12421875
1 0.32109375 0.14375 0.04609375 0.11875
0 0.71875 0.22421875 0.0375 0.1234375
1 0.9421875 0.54140625 0.08203125 0.140625
0 0.7765625 0.29140625 0.05234375 0.0984375
0 0.3890625 0.178125 0.07734375 0.13671875
1 0.634375 0.146875 0.06328125 0.115625
1 0.815625 0.3890625 0.06953125 0.15625
