0 0.571875 0.20390625 0.05390625 0.09375
1 0.7046875 0.446875 0.07265625 0.0953125
0 0.4921875 0.5359375 0.08984375 0.20078125
1 0.3328125 0.56953125 0.1078125 0.19921875
1 0.81015625 0.3890625 0.0640625 0.128125
1 0.79765625 0.23125 0.04609375 0.075
1 0.2390625 0.39140625 0.07421875 0.18671875
1 0.65078125 0.20859375 0.06171875 0.10078125
0 0.3890625 0.17734375 0.03984375 0.0953125
0 0.62890625 0.15390625 0.0484375 0.09140625
0 0.56953125 0.14375 0.05078125 0.090625
0 0.8375 0.303125 0.05703125 0.0984375
1 0.88203125 0.40625 0.0609375 0.13046875
1 0.19140625 0.57578125 0.10078125 0.15
0 0.35078125 0.378125 0.10078125 0.19453125
0 0.0953125 0.50078125 0.053125 0.2203125
0 0.32109375 0.15703125 0.05 0.11484375
0 0.36484375 0.26015625 0.06484375 0.10703125
1 0.4828125 0.378125 0.0875 0.1296875
1 0.61484375 0.4171875 0.07109375 0.1546875
1 0.94609375 0.52421875 0.06953125 0.16171875
1 0.71796875 0.22109375 0.03984375 0.128125
0 0.45546875 0.16640625 0.05859375 0.0984375
1 0.775 0.29921875 0.05859375 0.10703125
