1 0.39296875 0.17109375 0.04296875 0.09296875
0 0.23671875 0.39140625 0.06796875 0.14296875
0 0.375 0.26171875 0.0640625 0.12421875
1 0.646875 0.203125 0.05234375 0.09453125
1 0.79765625 0.23125 0.04609375 0.0765625
0 0.48203125 0.365625 0.06875 0.13046875
1 0.6125 0.4140625 0.075 0.09609375
1 0.45078125 0.15703125 0.05234375 0.11328125
1 0.81015625 0.3859375 0.0625 0.1359375
0 0.4875 0.53046875 0.08359375 0.209375
1 0.315625 0.1640625 0.0484375 0.06875
1 0.8796875 0.3859375 0.05234375 0.125
0 0.63203125 0.14765625 0.04296875 0.08828125
1 0.57265625 0.14375 0.05390625 0.08671875
1 0.94140625 0.53125 0.08125 0.15625
1 0.69609375 0.4390625 0.08984375 0.10546875
0 0.0796875 0.51171875 0.07109375 0.2015625
0 0.359375 0.378125 0.08515625 0.14296875
0 0.71875 0.2265625 0.03671875 0.12890625
0 0.33203125 0.565625 0.09140625 0.23203125
0 0.5625 0.1984375 0.05390625 0.11328125
1 0.18046875 0.5609375 0.08828125 0.175
1 0.778125 0.29375 0.0671875 0.1328125
1 0.8390625 0.3 0.06875 0.10859375
