0 0.203125 0.540625 0.07109375 0.17890625
1 0.70546875 0.44765625 0.07421875 0.0953125
1 0.79921875 0.22890625 0.04453125 0.0765625
1 0.64765625 0.20390625 0.05234375 0.0953125
1 0.81015625 0.3890625 0.06328125 0.128125
1 0.4921875 0.53671875 0.08984375 0.2015625
1 0.2375 0.390625 0.07734375 0.1859375
1 0.334375 0.565625 0.1234375 0.13203125
0 0.625 0.15703125 0.04453125 0.09453125
0 0.5671875 0.20390625 0.05078125 0.08046875
1 0.6203125 0.41875 0.09140625 0.1203125
1 0.9359375 0.52578125 0.06953125 0.16328125
1 0.3640625 0.38359375 0.08828125 0.1765625
1 0.56875 0.14609375 0.05078125 0.08671875
1 0.48203125 0.37890625 0.08359375 0.13984375
1 0.72890625 0.2234375 0.0609375 0.128125
1 0.3734375 0.26875 0.0640625 0.11640625
1 0.77734375 0.29765625 0.05703125 0.08984375
1 0.88203125 0.403125 0.05859375 0.10703125
0 0.09453125 0.50859375 0.05703125 0.22890625
0 0.45234375 0.16640625 0.05703125 0.096875
0 0.321875 0.1484375 0.06328125 0.11484375
1 0.39296875 0.18125 0.05703125 0.11171875
1 0.83828125 0.29609375 0.06796875 0.0953125
