0 0.36015625 0.3734375 0.08046875 0.1609375
0 0.3265625 0.55625 0.11171875 0.1953125
1 0.23828125 0.403125 0.0796875 0.1515625
1 0.796875 0.22890625 0.04765625 0.0734375
0 0.4546875 0.16015625 0.05234375 0.1015625
0 0.49296875 0.53515625 0.08984375 0.1984375
0 0.93515625 0.5234375 0.07578125 0.16484375
1 0.6515625 0.20859375 0.06015625 0.09375
0 0.56796875 0.14140625 0.04765625 0.09453125
0 0.48203125 0.36796875 0.07109375 0.14375
0 0.84140625 0.3015625 0.04765625 0.09140625
0 0.09296875 0.490625 0.06015625 0.1953125
0 0.56640625 0.19375 0.04140625 0.0984375
1 0.73203125 0.23203125 0.06484375 0.09609375
0 0.76875 0.29296875 0.05625 0.096875
1 0.88125 0.39375 0.05703125 0.11328125
1 0.69453125 0.41640625 0.08203125 0.14453125
1 0.1890625 0.565625 0.10078125 0.20078125
0 0.6296875 0.15078125 0.0484375 0.09296875
0 0.38828125 0.18828125 0.0484375 0.084375
0 0.61875 0.40625 0.05 0.1640625
0 0.32109375 0.15546875 0.04765625 0.12421875
1 0.378125 0.27421875 0.0796875 0.1046875
0 0.80625 0.3578125 0.06328125 0.17265625
