1 0.3328125 0.58515625 0.12890625 0.11875
0 0.2046875 0.54609375 0.07109375 0.16640625
1 0.62109375 0.42109375 0.09140625 0.1203125
1 0.70625 0.44921875 0.075 0.09375
1 0.79921875 0.23203125 0.04921875 0.08125
1 0.23984375 0.39453125 0.07265625 0.17890625
1 0.81015625 0.39765625 0.0609375 0.10859375
1 0.65078125 0.20703125 0.05859375 0.090625
1 0.8390625 0.30703125 0.05859375 0.09453125
1 0.48515625 0.353125 0.0625 0.15546875
1 0.45078125 0.15703125 0.05390625 0.109375
1 0.49296875 0.53203125 0.0875 0.20703125
1 0.36328125 0.38828125 0.09140625 0.17890625
1 0.565625 0.16796875 0.0484375 0.05625
1 0.88203125 0.390625 0.06171875 0.096875
0 0.63125 0.14453125 0.04375 0.0796875
1 0.321875 0.1515625 0.0453125 0.1453125
1 0.3875 0.18203125 0.04765625 0.08515625
0 0.56953125 0.203125 0.04921875 0.07578125
1 0.71796875 0.22109375 0.03828125 0.12421875
1 0.7578125 0.2890625 0.046875 0.13125
1 0.93828125 0.53671875 0.07421875 0.14453125
1 0.0953125 0.51015625 0.05703125 0.2296875
1 0.37578125 0.25 0.084375 0.13203125
