0 0.20234375 0.5390625 0.071875 0.16484375
1 0.48046875 0.365625 0.0671875 0.146875
0 0.56328125 0.21015625 0.05078125 0.08359375
1 0.33203125 0.55625 0.11640625 0.19140625
1 0.64921875 0.20703125 0.05703125 0.09296875
1 0.7984375 0.23046875 0.04921875 0.078125
1 0.7296875 0.23671875 0.06171875 0.0890625
1 0.37734375 0.24453125 0.06640625 0.1265625
0 0.634375 0.14296875 0.04296875 0.09375
1 0.8421875 0.3109375 0.05234375 0.0765625
1 0.36328125 0.38125 0.08984375 0.1765625
1 0.2484375 0.37890625 0.07578125 0.17890625
1 0.70390625 0.4390625 0.08203125 0.1
1 0.45078125 0.153125 0.05546875 0.1109375
1 0.6140625 0.41640625 0.07734375 0.14609375
0 0.57109375 0.14296875 0.046875 0.0859375
1 0.0953125 0.503125 0.06484375 0.22890625
1 0.31796875 0.165625 0.04609375 0.1234375
1 0.8828125 0.4015625 0.0578125 0.10859375
1 0.48828125 0.54453125 0.09765625 0.20078125
1 0.93125 0.51171875 0.06171875 0.2
1 0.3921875 0.16015625 0.05546875 0.09609375
1 0.7796875 0.28359375 0.0578125 0.0984375
1 0.815625 0.37890625 0.0734375 0.16796875
