0 0.2046875 0.5484375 0.07109375 0.16875
1 0.79921875 0.23203125 0.04921875 0.0796875
1 0.36328125 0.378125 0.0890625 0.17578125
1 0.8109375 0.39140625 0.06015625 0.121875
1 0.70546875 0.44765625 0.0734375 0.09375
1 0.65 0.20859375 0.05546875 0.08984375
1 0.334375 0.58515625 0.12421875 0.11875
1 0.61875 0.41328125 0.08203125 0.134375
0 0.56953125 0.203125 0.04921875 0.078125
1 0.49375 0.53125 0.08828125 0.203125
1 0.88125 0.39140625 0.06328125 0.10703125
1 0.9421875 0.54921875 0.08359375 0.13984375
0 0.4859375 0.34765625 0.06484375 0.15859375
0 0.71796875 0.2234375 0.03828125 0.121875
1 0.565625 0.14609375 0.04921875 0.0890625
1 0.3875 0.17890625 0.04140625 0.07890625
0 0.23828125 0.39296875 0.07421875 0.184375
1 0.62890625 0.16015625 0.05078125 0.071875
1 0.7578125 0.28046875 0.04765625 0.11328125
1 0.09140625 0.52265625 0.07421875 0.23984375
1 0.32109375 0.140625 0.04609375 0.1359375
0 0.45390625 0.15859375 0.05234375 0.1234375
0 0.37578125 0.25859375 0.071875 0.12109375
1 0.83515625 0.30234375 0.071875 0.121875
