1 0.33515625 0.57109375 0.11875 0.15390625
0 0.7734375 0.290625 0.0640625 0.1140625
0 0.57421875 0.19140625 0.0453125 0.1015625
0 0.20390625 0.54765625 0.071875 0.17109375
1 0.7 0.44453125 0.08125 0.096875
1 0.23671875 0.40703125 0.08203125 0.1453125
0 0.39765625 0.16640625 0.03515625 0.09296875
1 0.83671875 0.30625 0.05859375 0.0859375
0 0.4921875 0.53828125 0.084375 0.2046875
1 0.7984375 0.228125 0.0453125 0.078125
1 0.61328125 0.415625 0.0734375 0.096875
1 0.47890625 0.3765625 0.06953125 0.13984375
0 0.62421875 0.15859375 0.04140625 0.09921875
1 0.37734375 0.24453125 0.06484375 0.12890625
1 0.65234375 0.21015625 0.06484375 0.1015625
1 0.71796875 0.2234375 0.03828125 0.121875
0 0.45234375 0.15390625 0.05234375 0.12109375
0 0.0875 0.50625 0.07578125 0.21953125
0 0.31640625 0.16328125 0.05 0.11796875
1 0.8828125 0.39609375 0.05546875 0.11875
0 0.36171875 0.3890625 0.0875 0.178125
0 0.9359375 0.52109375 0.0765625 0.17421875
1 0.57265625 0.1578125 0.07734375 0.10625
0 0.8109375 0.37265625 0.103125 0.1703125
