0 0.56640625 0.19921875 0.04609375 0.0859375
1 0.6984375 0.44375 0.0875 0.09296875
1 0.7984375 0.23203125 0.04609375 0.075
1 0.37578125 0.259375 0.06484375 0.1296875
1 0.48828125 0.53671875 0.09609375 0.20703125
0 0.778125 0.29765625 0.05703125 0.09375
1 0.9421875 0.54375 0.08203125 0.12578125
1 0.83984375 0.30546875 0.05234375 0.08671875
1 0.6484375 0.20859375 0.05703125 0.10859375
0 0.0875 0.515625 0.06875 0.18828125
1 0.1890625 0.59453125 0.0984375 0.15859375
0 0.31953125 0.15078125 0.04921875 0.1015625
1 0.8828125 0.39609375 0.0640625 0.121875
1 0.24609375 0.36875 0.07578125 0.18515625
1 0.45234375 0.16015625 0.04921875 0.1203125
1 0.61484375 0.41875 0.07421875 0.13671875
1 0.46796875 0.38046875 0.07421875 0.1890625
1 0.33046875 0.5609375 0.11328125 0.1953125
1 0.56796875 0.13671875 0.04296875 0.0890625
0 0.6328125 0.14140625 0.0390625 0.08515625
0 0.71953125 0.2265625 0.04140625 0.1234375
1 0.81171875 0.40390625 0.0625 0.16484375
1 0.3609375 0.38515625 0.1078125 0.18046875
1 0.39921875 0.175 0.06875 0.12109375
