0 0.20390625 0.54921875 0.06953125 0.16796875
1 0.3328125 0.584375 0.1296875 0.11875
1 0.84453125 0.3109375 0.04765625 0.084375
1 0.70546875 0.4484375 0.07421875 0.09296875
0 0.4890625 0.53359375 0.09609375 0.20078125
0 0.57109375 0.19765625 0.05234375 0.084375
1 0.65078125 0.20546875 0.05859375 0.09296875
0 0.3625 0.38203125 0.0875 0.18515625
1 0.88203125 0.39140625 0.06171875 0.0984375
0 0.09375 0.50703125 0.06015625 0.221875
1 0.6234375 0.41953125 0.0875 0.1234375
0 0.45078125 0.15625 0.05390625 0.1140625
1 0.9359375 0.53203125 0.07265625 0.15546875
1 0.5640625 0.14140625 0.0484375 0.09609375
1 0.63203125 0.14921875 0.04921875 0.08203125
1 0.75859375 0.2734375 0.04609375 0.0984375
1 0.38671875 0.18125 0.04140625 0.096875
0 0.79765625 0.228125 0.05 0.0984375
1 0.3203125 0.14375 0.05078125 0.12578125
1 0.240625 0.390625 0.07578125 0.19140625
0 0.71875 0.22265625 0.0390625 0.11953125
0 0.4796875 0.3796875 0.12265625 0.146875
0 0.371875 0.2546875 0.071875 0.12265625
1 0.81796875 0.38671875 0.06328125 0.1421875
