1 0.79921875 0.23125 0.04609375 0.06796875
0 0.20625 0.540625 0.06953125 0.16796875
1 0.88203125 0.39296875 0.05234375 0.11796875
0 0.48984375 0.53515625 0.09375 0.2
0 0.2421875 0.40390625 0.07578125 0.1640625
1 0.6171875 0.41171875 0.07421875 0.1109375
1 0.6984375 0.42890625 0.07734375 0.13046875
1 0.840625 0.30625 0.0515625 0.0859375
0 0.33359375 0.53984375 0.0984375 0.2390625
1 0.57578125 0.15 0.05234375 0.090625
0 0.31953125 0.15078125 0.04765625 0.1015625
1 0.39609375 0.16875 0.03828125 0.09296875
1 0.0859375 0.50546875 0.0625 0.2015625
0 0.37578125 0.26640625 0.06484375 0.1203125
0 0.4796875 0.36875 0.06484375 0.1390625
1 0.4515625 0.15625 0.0515625 0.12109375
1 0.65390625 0.203125 0.046875 0.0890625
1 0.71875 0.2234375 0.03828125 0.121875
1 0.94140625 0.53828125 0.078125 0.14375
1 0.8171875 0.38515625 0.08046875 0.13671875
1 0.36171875 0.3859375 0.08984375 0.18203125
1 0.634375 0.15234375 0.05546875 0.0859375
0 0.56875 0.20859375 0.06484375 0.11875
1 0.77109375 0.2890625 0.07265625 0.11328125
