0 0.565625 0.19921875 0.04609375 0.084375
1 0.65 0.20625 0.0578125 0.09375
0 0.3234375 0.540625 0.09296875 0.21953125
0 0.48984375 0.53515625 0.09453125 0.1984375
1 0.8015625 0.23203125 0.040625 0.06640625
0 0.240625 0.41171875 0.07734375 0.15703125
0 0.81796875 0.37890625 0.075 0.16015625
1 0.8828125 0.39453125 0.05625 0.115625
1 0.571875 0.140625 0.04453125 0.08828125
0 0.47265625 0.35859375 0.07890625 0.13984375
1 0.3953125 0.17421875 0.03359375 0.09140625
1 0.0875 0.51875 0.07109375 0.19296875
1 0.36328125 0.38203125 0.08828125 0.16640625
1 0.61328125 0.41484375 0.07578125 0.1390625
1 0.8375 0.30625 0.0578125 0.08828125
1 0.94375 0.54453125 0.0828125 0.12890625
0 0.19765625 0.54375 0.08203125 0.17578125
0 0.71640625 0.21953125 0.0375 0.12890625
0 0.31953125 0.1484375 0.0484375 0.09609375
0 0.3671875 0.24296875 0.053125 0.1265625
0 0.62890625 0.15703125 0.04921875 0.05703125
1 0.76796875 0.28671875 0.05703125 0.1203125
1 0.70078125 0.440625 0.08984375 0.11015625
0 0.45625 0.14453125 0.06640625 0.1484375
