1 0.62109375 0.41953125 0.09140625 0.1234375
0 0.56953125 0.20390625 0.04921875 0.0765625
0 0.2046875 0.5484375 0.07109375 0.16640625
1 0.3328125 0.584375 0.12890625 0.11875
1 0.79921875 0.23203125 0.0484375 0.08125
1 0.70546875 0.44921875 0.07421875 0.09140625
1 0.65078125 0.20703125 0.05859375 0.09296875
0 0.8796875 0.38359375 0.05859375 0.12109375
0 0.49375 0.53203125 0.08828125 0.20546875
1 0.8109375 0.39765625 0.06015625 0.10625
0 0.37421875 0.25703125 0.06171875 0.1109375
1 0.23984375 0.39609375 0.0734375 0.17578125
1 0.9375 0.53046875 0.07265625 0.15390625
1 0.36328125 0.38515625 0.08984375 0.17421875
0 0.56640625 0.1609375 0.04921875 0.0640625
1 0.3875 0.18125 0.04453125 0.08203125
1 0.45078125 0.15703125 0.0546875 0.109375
1 0.7578125 0.2921875 0.04765625 0.134375
1 0.0953125 0.5203125 0.05546875 0.25390625
1 0.48359375 0.35390625 0.06328125 0.15625
0 0.71875 0.2234375 0.0390625 0.1203125
1 0.63046875 0.14609375 0.04609375 0.07578125
1 0.3234375 0.14296875 0.0578125 0.13203125
1 0.8390625 0.29921875 0.06640625 0.11953125
