0 0.203125 0.53671875 0.07109375 0.1703125
0 0.56328125 0.21015625 0.0515625 0.08359375
1 0.33203125 0.55859375 0.11484375 0.196875
1 0.65 0.20703125 0.06015625 0.09453125
1 0.61484375 0.41796875 0.07890625 0.14375
1 0.4515625 0.15546875 0.05234375 0.11875
1 0.73046875 0.23828125 0.06171875 0.08828125
1 0.79921875 0.23359375 0.04609375 0.075
0 0.9375 0.52421875 0.07421875 0.16953125
1 0.24765625 0.3734375 0.07578125 0.1703125
1 0.48125 0.36171875 0.06640625 0.1484375
1 0.83828125 0.31328125 0.0609375 0.075
0 0.63046875 0.13671875 0.0484375 0.09609375
1 0.31796875 0.15390625 0.0453125 0.10078125
1 0.70390625 0.43359375 0.08203125 0.11171875
1 0.4890625 0.5484375 0.0953125 0.1984375
0 0.5734375 0.14765625 0.0515625 0.084375
1 0.375 0.27890625 0.08125 0.09921875
1 0.36328125 0.384375 0.08828125 0.16875
1 0.8828125 0.40390625 0.0609375 0.11171875
1 0.09609375 0.50625 0.06328125 0.2265625
1 0.390625 0.165625 0.0421875 0.08828125
0 0.77578125 0.290625 0.06796875 0.125
0 0.81328125 0.38203125 0.0734375 0.1515625
