0 0.56640625 0.19921875 0.04609375 0.084375
0 0.4890625 0.53671875 0.09453125 0.21328125
1 0.6984375 0.44453125 0.0875 0.09375
1 0.7984375 0.23203125 0.0453125 0.078125
1 0.83828125 0.30625 0.05625 0.08828125
1 0.65 0.20625 0.05546875 0.09921875
0 0.31953125 0.15078125 0.04921875 0.0984375
0 0.63125 0.14296875 0.04375 0.08828125
1 0.18671875 0.58203125 0.1046875 0.1953125
1 0.33125 0.559375 0.1125 0.2109375
1 0.453125 0.15859375 0.0484375 0.11796875
1 0.37421875 0.2609375 0.06484375 0.13046875
1 0.24453125 0.36796875 0.0734375 0.184375
1 0.6171875 0.41640625 0.0765625 0.13359375
1 0.57109375 0.13671875 0.04453125 0.0890625
1 0.884375 0.39375 0.059375 0.1296875
1 0.0890625 0.5109375 0.07109375 0.1703125
1 0.94296875 0.54453125 0.08203125 0.1265625
0 0.71875 0.23203125 0.03828125 0.1390625
1 0.3609375 0.37734375 0.10703125 0.1609375
0 0.46796875 0.36328125 0.103125 0.1609375
1 0.39140625 0.16953125 0.0453125 0.12890625
1 0.775 0.29453125 0.06875 0.1109375
1 0.81875 0.3890625 0.0640625 0.16953125
