1 0.81015625 0.39609375 0.06171875 0.1109375
1 0.23828125 0.39609375 0.0734375 0.17578125
1 0.3328125 0.5890625 0.12890625 0.11875
0 0.2046875 0.5484375 0.0703125 0.16640625
1 0.70625 0.44765625 0.07578125 0.09375
1 0.79921875 0.23203125 0.04921875 0.0796875
1 0.45078125 0.15546875 0.05234375 0.109375
0 0.49375 0.53203125 0.08828125 0.2046875
1 0.65078125 0.20703125 0.05859375 0.09296875
1 0.6203125 0.41796875 0.0890625 0.12890625
1 0.8390625 0.3109375 0.05703125 0.08828125
0 0.88046875 0.384375 0.05703125 0.1203125
1 0.5640625 0.14921875 0.05234375 0.08828125
0 0.56953125 0.20390625 0.04921875 0.075
1 0.36484375 0.38359375 0.084375 0.17109375
1 0.38984375 0.17890625 0.03984375 0.084375
0 0.3765625 0.24765625 0.06484375 0.134375
1 0.09375 0.50703125 0.05625 0.22578125
1 0.7578125 0.28203125 0.046875 0.11640625
0 0.71796875 0.22109375 0.03828125 0.1203125
1 0.940625 0.521875 0.08046875 0.1765625
1 0.3234375 0.15625 0.04609375 0.16171875
0 0.6296875 0.14375 0.0421875 0.08125
1 0.4796875 0.34609375 0.08515625 0.171875
