0 0.2046875 0.53671875 0.0703125 0.16640625
0 0.56484375 0.19609375 0.04609375 0.090625
1 0.65078125 0.20703125 0.05703125 0.09453125
1 0.796875 0.228125 0.05078125 0.08359375
1 0.48984375 0.53203125 0.09453125 0.19296875
1 0.3890625 0.18203125 0.04140625 0.09296875
1 0.33125 0.56171875 0.11875 0.18125
1 0.9375 0.5359375 0.07578125 0.14375
1 0.3609375 0.38203125 0.08125 0.1796875
1 0.08515625 0.50234375 0.078125 0.225
1 0.56796875 0.1390625 0.04609375 0.09296875
1 0.73203125 0.2359375 0.06484375 0.08984375
0 0.32109375 0.1484375 0.04921875 0.11328125
1 0.45078125 0.16171875 0.05703125 0.11328125
1 0.703125 0.440625 0.08203125 0.09921875
1 0.83984375 0.31171875 0.05703125 0.071875
0 0.63125 0.14140625 0.04921875 0.09296875
1 0.88203125 0.39375 0.05859375 0.121875
1 0.61171875 0.41328125 0.07109375 0.10859375
1 0.47890625 0.3703125 0.0796875 0.140625
1 0.78203125 0.30390625 0.04921875 0.08984375
1 0.24765625 0.3765625 0.0734375 0.1765625
1 0.36875 0.2671875 0.08125 0.125
0 0.81328125 0.38828125 0.07890625 0.10859375
