1 0.48125 0.37890625 0.07578125 0.14921875
1 0.79921875 0.22890625 0.04375 0.0734375
1 0.4921875 0.53671875 0.08984375 0.19609375
1 0.33046875 0.5609375 0.11640625 0.19140625
1 0.6515625 0.20859375 0.059375 0.09375
1 0.84140625 0.315625 0.05390625 0.0734375
1 0.39140625 0.18046875 0.03984375 0.09296875
1 0.09296875 0.4984375 0.05546875 0.20703125
0 0.5625 0.1984375 0.05078125 0.090625
1 0.3625 0.38203125 0.0875 0.17421875
0 0.4546875 0.16171875 0.053125 0.10546875
1 0.8828125 0.396875 0.05546875 0.1046875
0 0.3796875 0.25546875 0.07421875 0.1140625
0 0.6296875 0.15078125 0.0484375 0.08828125
1 0.73203125 0.23515625 0.0640625 0.1015625
1 0.2390625 0.39375 0.07578125 0.17578125
1 0.18984375 0.58046875 0.10546875 0.171875
1 0.9359375 0.52578125 0.0765625 0.17421875
0 0.575 0.140625 0.04140625 0.0859375
0 0.615625 0.40859375 0.0640625 0.15859375
0 0.321875 0.16015625 0.05546875 0.11953125
1 0.69375 0.4171875 0.07578125 0.12421875
1 0.77734375 0.290625 0.06015625 0.11640625
1 0.81328125 0.3859375 0.07890625 0.159375
