0 0.57421875 0.19453125 0.0453125 0.0953125
0 0.20546875 0.546875 0.0703125 0.165625
0 0.3609375 0.37109375 0.0859375 0.140625
0 0.49375 0.53125 0.08046875 0.20625
1 0.7 0.44453125 0.08125 0.10078125
0 0.4515625 0.15390625 0.05078125 0.11953125
1 0.7984375 0.23203125 0.04609375 0.08125
1 0.31640625 0.15546875 0.04921875 0.1
1 0.8375 0.30859375 0.05703125 0.08203125
1 0.6125 0.41640625 0.075 0.1
1 0.23671875 0.40546875 0.08359375 0.1484375
1 0.65078125 0.20625 0.0609375 0.09375
0 0.08828125 0.50546875 0.07421875 0.21875
1 0.39765625 0.16640625 0.03359375 0.09296875
1 0.56640625 0.14609375 0.04375 0.078125
1 0.8828125 0.428125 0.06015625 0.171875
0 0.37890625 0.2515625 0.06640625 0.125
0 0.62265625 0.1609375 0.04296875 0.10078125
1 0.93671875 0.5265625 0.07734375 0.16953125
1 0.7171875 0.2265625 0.0375 0.1265625
1 0.3296875 0.53515625 0.10703125 0.2015625
0 0.475 0.36171875 0.07265625 0.13515625
1 0.7734375 0.28046875 0.06796875 0.12890625
1 0.8078125 0.37421875 0.07109375 0.1453125
