0 0.65 0.20390625 0.05703125 0.09375
0 0.2046875 0.5484375 0.07109375 0.16875
1 0.79921875 0.23203125 0.04921875 0.08125
0 0.49375 0.53203125 0.08828125 0.20703125
1 0.8109375 0.39453125 0.06015625 0.11171875
1 0.70625 0.4484375 0.07421875 0.09453125
1 0.6203125 0.42109375 0.08984375 0.12578125
1 0.8375 0.30859375 0.05703125 0.09140625
1 0.45078125 0.15703125 0.05234375 0.11328125
1 0.3328125 0.58515625 0.12578125 0.11875
0 0.56953125 0.20390625 0.05 0.075
1 0.88203125 0.39140625 0.06171875 0.1015625
1 0.38671875 0.18125 0.04453125 0.08203125
1 0.48359375 0.34921875 0.06484375 0.16171875
0 0.565625 0.1484375 0.04921875 0.08671875
1 0.23828125 0.39296875 0.07734375 0.18203125
1 0.63125 0.14921875 0.05078125 0.08046875
1 0.36328125 0.38359375 0.09296875 0.17890625
1 0.375 0.25859375 0.06015625 0.10625
1 0.09375 0.50625 0.0578125 0.225
1 0.94140625 0.54765625 0.08203125 0.13828125
0 0.71953125 0.2234375 0.03828125 0.1203125
1 0.75703125 0.28046875 0.04609375 0.1109375
1 0.32265625 0.15546875 0.053125 0.1390625
