0 0.565625 0.1984375 0.04609375 0.08515625
1 0.9390625 0.528125 0.07265625 0.1484375
1 0.6515625 0.20703125 0.0578125 0.0953125
1 0.778125 0.29921875 0.0546875 0.0859375
1 0.7328125 0.23671875 0.06640625 0.090625
1 0.0875 0.51640625 0.06953125 0.19296875
1 0.69921875 0.44609375 0.08359375 0.0984375
1 0.18515625 0.59609375 0.09609375 0.1203125
1 0.83984375 0.30859375 0.053125 0.084375
1 0.4515625 0.15859375 0.05390625 0.11796875
0 0.8828125 0.39453125 0.06015625 0.125
1 0.6171875 0.41875 0.0765625 0.13671875
1 0.36328125 0.384375 0.08828125 0.16875
1 0.31875 0.1484375 0.0484375 0.11328125
1 0.5734375 0.14296875 0.04921875 0.0859375
1 0.33046875 0.56015625 0.11640625 0.19140625
1 0.37734375 0.28125 0.07734375 0.09375
1 0.48046875 0.36953125 0.06953125 0.125
1 0.81171875 0.4234375 0.0625 0.20390625
1 0.2484375 0.3734375 0.07421875 0.18515625
1 0.39140625 0.16640625 0.0421875 0.09453125
0 0.63515625 0.14140625 0.03515625 0.08359375
1 0.4890625 0.54296875 0.09609375 0.2046875
1 0.7953125 0.225 0.071875 0.11484375
