0 0.36015625 0.38046875 0.084375 0.15703125
0 0.20546875 0.54375 0.07109375 0.159375
0 0.575 0.19296875 0.04453125 0.09921875
0 0.47890625 0.365625 0.065625 0.13828125
0 0.77578125 0.28125 0.05078125 0.11171875
1 0.08828125 0.50625 0.0765625 0.215625
1 0.31640625 0.15546875 0.04921875 0.0984375
1 0.23671875 0.40703125 0.08125 0.14453125
1 0.7 0.44453125 0.08046875 0.09921875
1 0.39765625 0.16640625 0.03203125 0.09296875
1 0.65078125 0.20625 0.0609375 0.09140625
0 0.4515625 0.1546875 0.05078125 0.1203125
1 0.84140625 0.30703125 0.05078125 0.08359375
0 0.4921875 0.53671875 0.0828125 0.20546875
1 0.33359375 0.55703125 0.1171875 0.19453125
1 0.6140625 0.41640625 0.0734375 0.09609375
0 0.62265625 0.16484375 0.04140625 0.109375
1 0.8 0.228125 0.04296875 0.090625
0 0.8125 0.37421875 0.08046875 0.14140625
1 0.5671875 0.14765625 0.04609375 0.0734375
1 0.71796875 0.2234375 0.03828125 0.12578125
1 0.88359375 0.40546875 0.05625 0.12421875
0 0.93359375 0.52265625 0.07421875 0.1734375
0 0.38125 0.2453125 0.07265625 0.146875
