0 0.56796875 0.2015625 0.04609375 0.0765625
0 0.48984375 0.53359375 0.09296875 0.203125
0 0.2015625 0.553125 0.0734375 0.178125
0 0.4765625 0.3640625 0.06953125 0.14453125
0 0.2421875 0.40546875 0.07578125 0.16875
0 0.32265625 0.5359375 0.07421875 0.24140625
1 0.0875 0.51796875 0.06953125 0.196875
1 0.3953125 0.17421875 0.03515625 0.09140625
1 0.8015625 0.23203125 0.03984375 0.06875
1 0.8375 0.30625 0.05703125 0.09140625
1 0.6125 0.415625 0.07421875 0.14140625
1 0.69921875 0.42421875 0.08984375 0.134375
1 0.94375 0.54765625 0.08203125 0.13203125
0 0.57421875 0.13359375 0.0484375 0.10078125
1 0.375 0.2640625 0.0671875 0.11484375
0 0.81796875 0.38046875 0.07578125 0.15390625
0 0.88046875 0.39140625 0.05234375 0.12421875
0 0.31953125 0.14921875 0.0484375 0.1015625
0 0.71875 0.22265625 0.03828125 0.1234375
0 0.64921875 0.20078125 0.0484375 0.090625
1 0.45234375 0.15625 0.05234375 0.125
1 0.3625 0.38984375 0.11640625 0.190625
1 0.63203125 0.15390625 0.06171875 0.0890625
1 0.7796875 0.28671875 0.05078125 0.1265625
