0 0.20390625 0.54453125 0.06953125 0.16015625
0 0.37421875 0.26640625 0.06484375 0.1203125
1 0.62109375 0.415625 0.08671875 0.1359375
1 0.4890625 0.5359375 0.09609375 0.196875
1 0.84296875 0.309375 0.05390625 0.090625
1 0.88359375 0.38671875 0.06015625 0.11484375
1 0.6484375 0.20625 0.05546875 0.0953125
0 0.23984375 0.39453125 0.07109375 0.17421875
1 0.7046875 0.44765625 0.07265625 0.0953125
0 0.80859375 0.240625 0.040625 0.06953125
1 0.38515625 0.190625 0.0421875 0.0734375
1 0.33359375 0.5734375 0.11953125 0.14609375
0 0.56328125 0.14296875 0.04921875 0.0765625
0 0.57265625 0.18828125 0.04453125 0.103125
1 0.0953125 0.503125 0.0546875 0.2296875
1 0.94375 0.55703125 0.0828125 0.13359375
1 0.71953125 0.22265625 0.04140625 0.1265625
0 0.32109375 0.1515625 0.0484375 0.1359375
0 0.628125 0.15703125 0.0421875 0.08125
1 0.76171875 0.27578125 0.0484375 0.1109375
1 0.3625 0.38359375 0.0875 0.18203125
0 0.45234375 0.16015625 0.05546875 0.10703125
1 0.48046875 0.38515625 0.10703125 0.1484375
1 0.81484375 0.37421875 0.06796875 0.1453125
