0 0.3609375 0.3890625 0.084375 0.178125
1 0.33515625 0.5734375 0.11796875 0.15
0 0.575 0.19140625 0.04375 0.1015625
0 0.2046875 0.54375 0.0703125 0.16875
1 0.83984375 0.303125 0.05390625 0.090625
0 0.39765625 0.16640625 0.03515625 0.09296875
1 0.7 0.44453125 0.08125 0.0953125
0 0.4515625 0.153125 0.05078125 0.1203125
1 0.23671875 0.40703125 0.08125 0.14453125
0 0.08828125 0.50703125 0.0734375 0.21875
0 0.77734375 0.28828125 0.05703125 0.10859375
0 0.62421875 0.16015625 0.04140625 0.1
1 0.61328125 0.415625 0.07421875 0.0953125
0 0.4921875 0.53828125 0.08359375 0.20078125
1 0.37890625 0.2515625 0.06484375 0.1265625
1 0.65 0.20625 0.06015625 0.0953125
1 0.7984375 0.22890625 0.04453125 0.07890625
1 0.7171875 0.22421875 0.0375 0.125
1 0.48046875 0.36875 0.07265625 0.13125
1 0.9375 0.52265625 0.0765625 0.1734375
1 0.5671875 0.14765625 0.046875 0.0734375
0 0.31640625 0.15703125 0.04921875 0.1015625
0 0.80703125 0.3765625 0.0859375 0.159375
1 0.88984375 0.38984375 0.07890625 0.1671875
