0 0.2046875 0.5484375 0.07109375 0.16875
1 0.79921875 0.23203125 0.04921875 0.0796875
1 0.8109375 0.39609375 0.06015625 0.1109375
1 0.70546875 0.44765625 0.07421875 0.09375
0 0.49375 0.53203125 0.08828125 0.20546875
1 0.83828125 0.30859375 0.05703125 0.09375
1 0.45078125 0.15546875 0.05390625 0.109375
1 0.65 0.20625 0.05703125 0.09140625
1 0.2375 0.39453125 0.0765625 0.18203125
1 0.334375 0.58359375 0.12578125 0.11796875
0 0.56953125 0.20390625 0.04921875 0.075
0 0.56484375 0.14921875 0.04921875 0.08828125
1 0.62109375 0.41796875 0.08984375 0.11953125
1 0.36328125 0.38671875 0.0921875 0.1796875
0 0.321875 0.14453125 0.04921875 0.11171875
0 0.63203125 0.14609375 0.04453125 0.0796875
1 0.3875 0.18203125 0.04453125 0.08359375
1 0.88125 0.39375 0.06171875 0.1015625
0 0.48359375 0.35078125 0.06484375 0.1609375
1 0.940625 0.54453125 0.08203125 0.134375
1 0.37421875 0.26015625 0.05859375 0.10703125
1 0.7578125 0.278125 0.04609375 0.10546875
0 0.71875 0.2234375 0.03828125 0.121875
0 0.0953125 0.50703125 0.05703125 0.228125
