0 0.49296875 0.54296875 0.08359375 0.19921875
0 0.33671875 0.55625 0.12109375 0.16796875
1 0.6984375 0.44453125 0.08359375 0.096875
1 0.45390625 0.1609375 0.05390625 0.11171875
1 0.9375 0.53125 0.07421875 0.153125
0 0.225 0.390625 0.08671875 0.146875
0 0.39140625 0.178125 0.04140625 0.06875
1 0.88203125 0.39609375 0.0578125 0.11640625
0 0.37578125 0.26328125 0.06484375 0.12890625
1 0.61328125 0.4171875 0.075 0.0953125
1 0.65078125 0.20390625 0.05703125 0.09375
0 0.56796875 0.19921875 0.0484375 0.08203125
1 0.83828125 0.31015625 0.05859375 0.07578125
1 0.79921875 0.22890625 0.04296875 0.07890625
1 0.08046875 0.52734375 0.07734375 0.1640625
1 0.5703125 0.14453125 0.0578125 0.0859375
1 0.7171875 0.22109375 0.03359375 0.1203125
0 0.36171875 0.390625 0.08515625 0.16171875
1 0.31875 0.14140625 0.04453125 0.109375
0 0.62578125 0.1484375 0.04453125 0.078125
1 0.7625 0.29140625 0.05078125 0.12578125
0 0.48203125 0.36015625 0.0703125 0.16875
1 0.1921875 0.5640625 0.1109375 0.1921875
1 0.8140625 0.384375 0.0734375 0.17890625
