1 0.18125 0.59453125 0.0734375 0.23046875
0 0.22578125 0.3890625 0.09140625 0.1484375
0 0.375 0.26171875 0.0640625 0.12578125
0 0.33671875 0.55546875 0.12109375 0.16875
1 0.6984375 0.44453125 0.08359375 0.096875
1 0.61328125 0.4171875 0.075 0.0953125
1 0.45234375 0.15625 0.05078125 0.1234375
1 0.81015625 0.38671875 0.06328125 0.13671875
1 0.88203125 0.39765625 0.05703125 0.115625
1 0.80078125 0.23046875 0.03984375 0.078125
1 0.65078125 0.20546875 0.05859375 0.09296875
0 0.5671875 0.19921875 0.04609375 0.08203125
0 0.090625 0.50859375 0.06796875 0.16796875
1 0.56953125 0.14453125 0.05703125 0.0859375
1 0.36171875 0.38671875 0.08359375 0.17421875
0 0.62578125 0.1515625 0.04296875 0.084375
0 0.31484375 0.1484375 0.046875 0.1015625
1 0.9375 0.53046875 0.075 0.15546875
1 0.4921875 0.54296875 0.08203125 0.19921875
1 0.7625 0.29140625 0.04921875 0.1296875
1 0.71796875 0.22109375 0.03515625 0.1203125
0 0.48203125 0.36484375 0.06328125 0.1609375
0 0.390625 0.18125 0.06328125 0.10234375
1 0.83984375 0.29609375 0.06953125 0.10078125
