1 0.33046875 0.55859375 0.11796875 0.19140625
0 0.56171875 0.19609375 0.04765625 0.09296875
0 0.4546875 0.16015625 0.05234375 0.10390625
1 0.6515625 0.20703125 0.06015625 0.09453125
0 0.9375 0.52890625 0.07890625 0.17109375
1 0.39140625 0.18046875 0.040625 0.09296875
1 0.83984375 0.315625 0.05625 0.0734375
1 0.36328125 0.38203125 0.08828125 0.17421875
1 0.23671875 0.38828125 0.07578125 0.1859375
1 0.79921875 0.22890625 0.04453125 0.0765625
0 0.77265625 0.29140625 0.06328125 0.1109375
0 0.09375 0.49453125 0.05703125 0.203125
1 0.18984375 0.57578125 0.10546875 0.1796875
0 0.5734375 0.13828125 0.04140625 0.08203125
0 0.628125 0.15390625 0.04765625 0.103125
1 0.8828125 0.396875 0.0578125 0.10625
1 0.73203125 0.23359375 0.06328125 0.09921875
1 0.48046875 0.3765625 0.07421875 0.15625
1 0.69296875 0.42421875 0.0796875 0.13828125
1 0.4921875 0.53828125 0.08984375 0.19375
0 0.3203125 0.14765625 0.04921875 0.09375
1 0.37578125 0.2515625 0.071875 0.14453125
0 0.6234375 0.40078125 0.071875 0.18515625
1 0.8125 0.4015625 0.078125 0.16796875
