0 0.3625 0.36640625 0.08125 0.1390625
0 0.38203125 0.2484375 0.06484375 0.1203125
0 0.7703125 0.29140625 0.05859375 0.10703125
0 0.93515625 0.54140625 0.08359375 0.12578125
1 0.7 0.44375 0.08046875 0.0984375
0 0.49375 0.53203125 0.07734375 0.20390625
1 0.57578125 0.15078125 0.05078125 0.0703125
1 0.79921875 0.23046875 0.04453125 0.078125
0 0.57734375 0.19375 0.04375 0.0984375
0 0.65 0.20546875 0.0609375 0.09296875
1 0.23515625 0.390625 0.07421875 0.15859375
1 0.47578125 0.35546875 0.06640625 0.14296875
1 0.6125 0.4171875 0.07421875 0.0953125
1 0.31640625 0.15625 0.04921875 0.10625
0 0.32734375 0.54609375 0.10703125 0.1703125
1 0.396875 0.16640625 0.03828125 0.09296875
1 0.8796875 0.42265625 0.06015625 0.19140625
1 0.45234375 0.15390625 0.05078125 0.1140625
0 0.08359375 0.50390625 0.07265625 0.22109375
1 0.84296875 0.3015625 0.04921875 0.08984375
1 0.20625 0.53671875 0.07890625 0.21953125
0 0.6296875 0.1515625 0.0609375 0.09765625
0 0.7390625 0.22109375 0.0609375 0.13046875
0 0.80546875 0.37109375 0.0828125 0.1671875
