0 0.56328125 0.2109375 0.05234375 0.08203125
0 0.20234375 0.53359375 0.071875 0.1765625
1 0.93671875 0.53203125 0.07421875 0.1453125
1 0.65 0.20703125 0.0609375 0.09453125
1 0.80078125 0.23359375 0.04296875 0.0765625
1 0.70703125 0.43671875 0.0859375 0.1
1 0.36328125 0.38359375 0.08828125 0.1734375
1 0.83828125 0.30859375 0.05703125 0.08203125
1 0.73125 0.23671875 0.06171875 0.0890625
1 0.4515625 0.15625 0.05234375 0.11171875
1 0.378125 0.26875 0.07421875 0.1140625
1 0.61640625 0.41640625 0.07578125 0.14609375
1 0.246875 0.371875 0.0734375 0.175
0 0.0921875 0.50625 0.06640625 0.2234375
1 0.4765625 0.37578125 0.06875 0.121875
1 0.38984375 0.1640625 0.046875 0.090625
1 0.5734375 0.14375 0.0484375 0.08671875
1 0.31796875 0.153125 0.0453125 0.10390625
1 0.6359375 0.14140625 0.03671875 0.08515625
1 0.8828125 0.403125 0.0609375 0.11328125
1 0.33125 0.55390625 0.11171875 0.20859375
1 0.8109375 0.44609375 0.0625 0.2515625
1 0.49296875 0.54921875 0.115625 0.18515625
0 0.77109375 0.28671875 0.06875 0.1359375
