1 0.70234375 0.446875 0.08984375 0.10625
0 0.2046875 0.55078125 0.0734375 0.18125
0 0.62734375 0.13359375 0.04453125 0.0953125
0 0.36015625 0.3890625 0.09140625 0.17421875
0 0.2328125 0.39453125 0.07890625 0.153125
0 0.84375 0.30390625 0.05234375 0.09921875
0 0.39765625 0.23671875 0.065625 0.14296875
1 0.65 0.20625 0.06171875 0.0953125
1 0.32890625 0.57734375 0.11015625 0.125
1 0.796875 0.2265625 0.04921875 0.08046875
1 0.571875 0.153125 0.05078125 0.0703125
1 0.45234375 0.15546875 0.05625 0.109375
1 0.6125 0.41171875 0.07578125 0.10703125
0 0.7703125 0.28828125 0.059375 0.115625
1 0.8828125 0.39765625 0.05859375 0.10625
1 0.73046875 0.2359375 0.06015625 0.09140625
1 0.38828125 0.1859375 0.05234375 0.06171875
0 0.49375 0.50859375 0.08515625 0.23203125
1 0.48203125 0.35859375 0.07578125 0.1359375
1 0.31953125 0.16171875 0.05234375 0.16640625
1 0.07578125 0.52890625 0.07734375 0.1765625
1 0.9421875 0.55703125 0.08203125 0.14296875
1 0.80625 0.4390625 0.06171875 0.290625
0 0.57265625 0.21171875 0.07265625 0.134375
