1 0.3296875 0.56328125 0.11640625 0.184375
0 0.56796875 0.20390625 0.05 0.075
1 0.4921875 0.53671875 0.08984375 0.19609375
1 0.79921875 0.22890625 0.0453125 0.0765625
1 0.23828125 0.390625 0.0765625 0.1859375
1 0.65078125 0.20703125 0.06171875 0.09453125
1 0.8421875 0.31328125 0.05234375 0.075
1 0.3921875 0.17890625 0.03828125 0.08984375
1 0.09453125 0.49609375 0.05703125 0.20703125
1 0.4796875 0.378125 0.0765625 0.15
1 0.88203125 0.39609375 0.05859375 0.1109375
1 0.93515625 0.52578125 0.07578125 0.16328125
1 0.73203125 0.234375 0.0625 0.1
0 0.57265625 0.14453125 0.05703125 0.09921875
1 0.1921875 0.57578125 0.09609375 0.18125
0 0.36484375 0.37578125 0.08359375 0.171875
1 0.61640625 0.409375 0.06484375 0.1609375
0 0.6296875 0.14375 0.04765625 0.08125
0 0.4546875 0.1609375 0.053125 0.1046875
1 0.69140625 0.40703125 0.07265625 0.13359375
0 0.3203125 0.165625 0.05078125 0.13203125
1 0.77265625 0.28359375 0.07421875 0.11171875
1 0.809375 0.365625 0.0671875 0.16953125
0 0.3734375 0.25546875 0.08515625 0.1578125
