0 0.571875 0.20859375 0.05390625 0.0640625
0 0.20390625 0.54921875 0.071875 0.17109375
1 0.70625 0.44921875 0.07578125 0.09375
1 0.79921875 0.23203125 0.04765625 0.08125
1 0.65078125 0.20703125 0.05859375 0.090625
1 0.45078125 0.15546875 0.05390625 0.1109375
1 0.8109375 0.39609375 0.0609375 0.1109375
0 0.49375 0.5359375 0.0875 0.21015625
1 0.62109375 0.41640625 0.08671875 0.1203125
1 0.8375 0.30703125 0.0515625 0.08671875
1 0.33359375 0.58515625 0.12421875 0.11875
1 0.9421875 0.54921875 0.084375 0.125
1 0.38671875 0.18203125 0.0421875 0.0984375
1 0.56796875 0.14609375 0.0546875 0.08515625
1 0.2390625 0.40390625 0.07734375 0.16953125
0 0.62890625 0.14609375 0.04921875 0.07578125
1 0.75859375 0.27421875 0.046875 0.09921875
0 0.0921875 0.51875 0.065625 0.21875
1 0.36484375 0.38515625 0.08515625 0.17421875
1 0.8703125 0.41328125 0.04609375 0.2140625
0 0.36640625 0.26953125 0.05703125 0.10859375
0 0.71875 0.2234375 0.03828125 0.1203125
0 0.49140625 0.35703125 0.08046875 0.14296875
1 0.32109375 0.14453125 0.05625 0.15390625
