1 0.70078125 0.45078125 0.08671875 0.09453125
0 0.24140625 0.3984375 0.0765625 0.16484375
0 0.20546875 0.54453125 0.06953125 0.1703125
1 0.7984375 0.23125 0.04609375 0.065625
0 0.48984375 0.53515625 0.09296875 0.2
1 0.88125 0.39296875 0.05234375 0.11796875
0 0.07890625 0.53359375 0.08359375 0.16171875
0 0.32421875 0.54296875 0.08203125 0.225
1 0.83984375 0.30703125 0.05234375 0.08671875
1 0.57265625 0.15859375 0.053125 0.0765625
1 0.615625 0.41171875 0.07265625 0.10703125
1 0.48046875 0.36640625 0.06484375 0.13125
0 0.39765625 0.16875 0.03828125 0.0890625
1 0.71953125 0.22265625 0.04140625 0.134375
1 0.65 0.203125 0.05703125 0.08359375
1 0.375 0.26796875 0.0671875 0.11953125
0 0.56953125 0.203125 0.04921875 0.07578125
1 0.9421875 0.5359375 0.07890625 0.13828125
0 0.45078125 0.15703125 0.05078125 0.1203125
0 0.31953125 0.153125 0.04921875 0.10546875
1 0.3671875 0.3859375 0.10703125 0.178125
1 0.63984375 0.15234375 0.05546875 0.08046875
1 0.76953125 0.290625 0.05234375 0.09921875
0 0.815625 0.3859375 0.07109375 0.18359375
