0 0.2046875 0.5390625 0.06875 0.159375
1 0.3265625 0.59296875 0.1109375 0.1734375
0 0.9375 0.5234375 0.08125 0.171875
1 0.79765625 0.23046875 0.04609375 0.071875
1 0.23828125 0.38203125 0.08828125 0.16484375
0 0.56875 0.1390625 0.05078125 0.09609375
0 0.453125 0.16640625 0.05546875 0.09453125
0 0.56875 0.196875 0.04921875 0.09375
1 0.49296875 0.53828125 0.08984375 0.19140625
0 0.634375 0.14453125 0.03671875 0.08046875
1 0.0984375 0.503125 0.0671875 0.2296875
1 0.73125 0.23203125 0.0625 0.0953125
1 0.39140625 0.17578125 0.04140625 0.090625
1 0.8828125 0.4015625 0.0546875 0.1234375
1 0.375 0.26171875 0.0671875 0.1203125
1 0.3609375 0.38046875 0.08671875 0.1796875
1 0.48125 0.37109375 0.08203125 0.16484375
0 0.3203125 0.146875 0.04921875 0.0953125
0 0.65390625 0.20625 0.05078125 0.084375
1 0.6953125 0.41796875 0.08359375 0.14375
1 0.6140625 0.40703125 0.05859375 0.16875
1 0.8125 0.384375 0.0640625 0.1296875
1 0.771875 0.28515625 0.06171875 0.10546875
1 0.83828125 0.29375 0.059375 0.10546875
