0 0.37421875 0.2640625 0.06640625 0.11875
1 0.70078125 0.44921875 0.08671875 0.09375
0 0.1953125 0.5359375 0.071875 0.17109375
1 0.33046875 0.56640625 0.12421875 0.17578125
0 0.2390625 0.40078125 0.07578125 0.14296875
1 0.9375 0.53203125 0.06953125 0.14453125
1 0.65 0.20625 0.05703125 0.09140625
1 0.81015625 0.39296875 0.0625 0.1234375
1 0.6125 0.415625 0.07578125 0.096875
0 0.47890625 0.36640625 0.071875 0.140625
1 0.8 0.23125 0.0421875 0.06953125
1 0.88125 0.39375 0.05546875 0.11875
1 0.3625 0.38359375 0.0890625 0.1734375
1 0.63203125 0.15546875 0.04609375 0.0703125
1 0.5734375 0.16640625 0.05390625 0.09453125
1 0.084375 0.5265625 0.07890625 0.1859375
1 0.39453125 0.16640625 0.03828125 0.090625
1 0.76953125 0.28203125 0.05703125 0.10546875
0 0.56953125 0.20390625 0.05078125 0.075
1 0.31953125 0.1484375 0.04921875 0.10703125
1 0.49453125 0.5578125 0.1296875 0.21640625
1 0.834375 0.296875 0.0609375 0.10234375
1 0.71875 0.20390625 0.06015625 0.14296875
0 0.46015625 0.15 0.06875 0.140625
