1 0.64921875 0.203125 0.05703125 0.0984375
0 0.2046875 0.54609375 0.07109375 0.16875
1 0.79921875 0.23203125 0.04921875 0.08125
0 0.49375 0.53203125 0.08828125 0.20703125
1 0.8109375 0.39609375 0.06015625 0.109375
1 0.70625 0.44765625 0.07421875 0.09375
0 0.63125 0.14609375 0.04609375 0.078125
1 0.33359375 0.58515625 0.12578125 0.11875
1 0.45078125 0.1546875 0.05234375 0.109375
1 0.83828125 0.30703125 0.05859375 0.09453125
1 0.6203125 0.42109375 0.0890625 0.12578125
0 0.56953125 0.203125 0.05 0.07578125
0 0.565625 0.1484375 0.05 0.08671875
1 0.88125 0.39375 0.0609375 0.1015625
1 0.36328125 0.3859375 0.0921875 0.17890625
1 0.38671875 0.18125 0.04296875 0.08203125
0 0.32265625 0.1484375 0.04921875 0.1140625
1 0.4828125 0.35078125 0.0640625 0.16484375
1 0.2375 0.39453125 0.0765625 0.18046875
0 0.375 0.2609375 0.0609375 0.10859375
1 0.94140625 0.54765625 0.08203125 0.13828125
1 0.09453125 0.50625 0.05703125 0.2234375
1 0.7578125 0.2765625 0.0453125 0.1046875
0 0.71875 0.2234375 0.03828125 0.1203125
