0 0.57265625 0.20859375 0.05390625 0.0640625
1 0.63203125 0.14609375 0.04453125 0.09296875
1 0.61953125 0.415625 0.08671875 0.1359375
1 0.8375 0.30625 0.05703125 0.0953125
1 0.65078125 0.20859375 0.05859375 0.0953125
0 0.49375 0.528125 0.08828125 0.2109375
1 0.79921875 0.23359375 0.0484375 0.08203125
1 0.81015625 0.39453125 0.06171875 0.115625
0 0.37578125 0.2765625 0.05703125 0.103125
1 0.70703125 0.4484375 0.07734375 0.09609375
1 0.33359375 0.584375 0.12578125 0.11875
1 0.3859375 0.18125 0.046875 0.09375
0 0.93828125 0.52265625 0.0734375 0.165625
0 0.07890625 0.50625 0.07265625 0.20625
1 0.56875 0.14453125 0.05625 0.084375
1 0.2390625 0.39609375 0.07265625 0.17421875
1 0.32109375 0.153125 0.04921875 0.14296875
0 0.71875 0.22265625 0.03828125 0.12109375
1 0.1859375 0.54765625 0.096875 0.19921875
1 0.45078125 0.15078125 0.0546875 0.121875
1 0.75703125 0.28125 0.04609375 0.115625
1 0.27578125 0.95078125 0.0921875 0.0984375
0 0.48671875 0.35078125 0.0671875 0.15703125
1 0.88125 0.3890625 0.05703125 0.13359375
1 0.3609375 0.3703125 0.09453125 0.165625
