0 0.5734375 0.19453125 0.05078125 0.09140625
1 0.3328125 0.584375 0.12890625 0.1203125
0 0.20390625 0.54921875 0.0703125 0.165625
1 0.70546875 0.4484375 0.07421875 0.09296875
0 0.4890625 0.53359375 0.096875 0.20078125
1 0.65078125 0.20546875 0.05859375 0.09296875
1 0.8453125 0.3109375 0.0484375 0.08203125
1 0.621875 0.41875 0.0859375 0.12421875
0 0.375 0.25703125 0.06328125 0.128125
1 0.88203125 0.39296875 0.0609375 0.09921875
1 0.75859375 0.2734375 0.04609375 0.0984375
1 0.3875 0.18125 0.03984375 0.096875
1 0.93671875 0.53046875 0.07109375 0.1515625
0 0.7984375 0.228125 0.05078125 0.0984375
0 0.09453125 0.5109375 0.06015625 0.22890625
0 0.56328125 0.13671875 0.04921875 0.09296875
1 0.63203125 0.1484375 0.05 0.08359375
1 0.32109375 0.14296875 0.0515625 0.125
1 0.23984375 0.39453125 0.07265625 0.17890625
0 0.45 0.1546875 0.05234375 0.1203125
0 0.71875 0.2234375 0.03828125 0.11875
1 0.8109375 0.38203125 0.0609375 0.12421875
1 0.3609375 0.36796875 0.11796875 0.19765625
0 0.4828125 0.3796875 0.10390625 0.16015625
