0 0.39453125 0.17109375 0.0390625 0.09453125
0 0.33671875 0.55703125 0.1234375 0.16484375
0 0.36015625 0.38828125 0.08515625 0.165625
0 0.375 0.26328125 0.0640625 0.125
1 0.571875 0.1484375 0.0546875 0.0890625
1 0.79921875 0.23125 0.04453125 0.0765625
0 0.48125 0.36328125 0.06875 0.13203125
1 0.65078125 0.20625 0.05859375 0.09375
1 0.61328125 0.415625 0.07421875 0.096875
1 0.1859375 0.578125 0.096875 0.18359375
1 0.45078125 0.15703125 0.05234375 0.11328125
0 0.4875 0.52265625 0.08203125 0.234375
1 0.81015625 0.3859375 0.06328125 0.1359375
1 0.9515625 0.528125 0.07421875 0.159375
0 0.23671875 0.39453125 0.0703125 0.13984375
1 0.31640625 0.16171875 0.04765625 0.06640625
0 0.08046875 0.49921875 0.07109375 0.1765625
0 0.57109375 0.20546875 0.06015625 0.09453125
1 0.69609375 0.43828125 0.08984375 0.10625
0 0.63125 0.14609375 0.04375 0.0890625
1 0.878125 0.38359375 0.0453125 0.13203125
1 0.7234375 0.209375 0.0484375 0.1296875
1 0.775 0.29609375 0.05234375 0.11953125
1 0.8375 0.29765625 0.07265625 0.13125
