0 0.56328125 0.21015625 0.05234375 0.08125
1 0.93828125 0.53125 0.07265625 0.14140625
1 0.65 0.20703125 0.0609375 0.09609375
1 0.36328125 0.38671875 0.08828125 0.16484375
1 0.378125 0.27109375 0.07578125 0.11328125
1 0.190625 0.58046875 0.09140625 0.15390625
1 0.7328125 0.23671875 0.06640625 0.09296875
1 0.4515625 0.15625 0.05234375 0.11171875
0 0.09609375 0.49921875 0.05625 0.203125
1 0.48125 0.37421875 0.0671875 0.1234375
1 0.31796875 0.15390625 0.04609375 0.103125
1 0.840625 0.31015625 0.05234375 0.08515625
1 0.61484375 0.41640625 0.07734375 0.14296875
1 0.33125 0.55859375 0.11328125 0.20078125
1 0.8828125 0.39921875 0.06171875 0.11796875
1 0.63515625 0.14140625 0.0359375 0.08359375
1 0.5734375 0.14453125 0.05078125 0.08984375
1 0.246875 0.36796875 0.07421875 0.18203125
1 0.3921875 0.1671875 0.04609375 0.0953125
1 0.7984375 0.22421875 0.05078125 0.09140625
1 0.69921875 0.44296875 0.08515625 0.10625
1 0.7765625 0.29375 0.059375 0.10390625
1 0.81640625 0.37734375 0.0734375 0.1421875
1 0.4890625 0.53984375 0.11640625 0.1890625
