0 0.56640625 0.19921875 0.04609375 0.084375
1 0.65078125 0.20625 0.0578125 0.0953125
0 0.77734375 0.29296875 0.05625 0.096875
1 0.69765625 0.44375 0.0859375 0.09296875
1 0.39140625 0.17421875 0.05078125 0.08828125
1 0.18828125 0.58515625 0.09765625 0.18671875
0 0.81328125 0.38125 0.06484375 0.1546875
1 0.33046875 0.56015625 0.11484375 0.19296875
1 0.8390625 0.30703125 0.05546875 0.0890625
1 0.88515625 0.39453125 0.05859375 0.1234375
1 0.94296875 0.54453125 0.08203125 0.1296875
1 0.48984375 0.54453125 0.0953125 0.196875
1 0.5734375 0.140625 0.04609375 0.08828125
1 0.453125 0.16015625 0.0484375 0.12421875
0 0.31953125 0.1515625 0.04921875 0.103125
1 0.36328125 0.38046875 0.08828125 0.1703125
1 0.246875 0.36953125 0.078125 0.1765625
1 0.6140625 0.415625 0.07578125 0.13984375
1 0.63125 0.14296875 0.04375 0.08828125
1 0.08671875 0.51640625 0.06640625 0.190625
1 0.71875 0.22265625 0.04140625 0.125
1 0.471875 0.3984375 0.07421875 0.11875
0 0.7953125 0.221875 0.0703125 0.10859375
1 0.37421875 0.26328125 0.09296875 0.1453125
