0 0.2046875 0.54921875 0.07109375 0.16953125
1 0.70546875 0.44765625 0.0734375 0.09375
1 0.6515625 0.20625 0.06015625 0.09140625
0 0.4796875 0.378125 0.090625 0.15
1 0.7984375 0.23203125 0.04921875 0.08359375
0 0.57109375 0.20703125 0.04921875 0.06875
1 0.334375 0.58515625 0.12578125 0.11875
0 0.3625 0.38125 0.0875 0.18203125
1 0.6234375 0.4140625 0.08828125 0.13125
1 0.88125 0.38828125 0.06171875 0.10625
1 0.6296875 0.15625 0.04609375 0.06796875
0 0.565625 0.14453125 0.05 0.09921875
1 0.93984375 0.52578125 0.0765625 0.1609375
1 0.38828125 0.17578125 0.03984375 0.07578125
1 0.8375 0.30078125 0.05625 0.1015625
1 0.09453125 0.50390625 0.05859375 0.2265625
1 0.8078125 0.43046875 0.06328125 0.2203125
0 0.71875 0.22109375 0.03984375 0.121875
0 0.45390625 0.15859375 0.053125 0.11171875
1 0.240625 0.39609375 0.075 0.17421875
0 0.49453125 0.54453125 0.11484375 0.23828125
1 0.3796875 0.2640625 0.07734375 0.15234375
1 0.32109375 0.13671875 0.0796875 0.1515625
1 0.76171875 0.278125 0.0515625 0.11015625
