0 0.56640625 0.1984375 0.046875 0.08515625
1 0.6515625 0.20625 0.06015625 0.096875
1 0.69765625 0.44296875 0.08671875 0.09375
1 0.24765625 0.36796875 0.078125 0.16796875
1 0.08671875 0.5109375 0.06796875 0.17890625
1 0.18828125 0.57890625 0.09609375 0.1765625
1 0.83984375 0.30703125 0.05390625 0.090625
1 0.39296875 0.16796875 0.04140625 0.08828125
1 0.94375 0.54609375 0.08203125 0.13125
1 0.3625 0.38203125 0.08828125 0.16875
1 0.6140625 0.41640625 0.0765625 0.1390625
1 0.33046875 0.5609375 0.1140625 0.1953125
0 0.7734375 0.29375 0.05546875 0.0984375
1 0.48984375 0.54453125 0.09453125 0.2
1 0.57421875 0.14140625 0.04609375 0.08671875
0 0.634375 0.14140625 0.03828125 0.08515625
1 0.47265625 0.3984375 0.075 0.11640625
1 0.45390625 0.16015625 0.04921875 0.11875
0 0.8125 0.3765625 0.06953125 0.153125
1 0.88125 0.38046875 0.05546875 0.13125
1 0.31875 0.15234375 0.04921875 0.1046875
0 0.71875 0.2234375 0.03984375 0.121875
0 0.7953125 0.22421875 0.0484375 0.08984375
1 0.371875 0.26328125 0.084375 0.1359375
