0 0.20390625 0.54765625 0.06953125 0.16796875
1 0.3328125 0.5859375 0.1296875 0.11953125
1 0.70546875 0.44765625 0.07265625 0.09375
0 0.47890625 0.378125 0.08984375 0.14296875
0 0.5703125 0.20703125 0.04765625 0.06640625
1 0.6515625 0.20546875 0.0578125 0.09296875
0 0.2390625 0.390625 0.07421875 0.1859375
0 0.48828125 0.53203125 0.09609375 0.20546875
0 0.62890625 0.14296875 0.0453125 0.0953125
0 0.36328125 0.38515625 0.08828125 0.1796875
1 0.79921875 0.23125 0.04921875 0.084375
1 0.621875 0.41796875 0.0890625 0.1234375
1 0.84453125 0.3109375 0.0484375 0.08828125
1 0.8828125 0.390625 0.06171875 0.09921875
0 0.56484375 0.14375 0.04921875 0.0984375
1 0.3203125 0.13828125 0.04453125 0.10859375
0 0.3890625 0.18046875 0.04453125 0.0890625
0 0.45078125 0.15546875 0.0515625 0.11640625
0 0.09375 0.50703125 0.05703125 0.22421875
1 0.7578125 0.2734375 0.0453125 0.0984375
1 0.9375 0.53125 0.07421875 0.153125
0 0.71875 0.22265625 0.03828125 0.12109375
1 0.37734375 0.26015625 0.0671875 0.1296875
1 0.8140625 0.3921875 0.07421875 0.14375
