0 0.5625 0.20390625 0.05078125 0.0953125
0 0.2046875 0.53671875 0.07109375 0.16640625
1 0.946875 0.5359375 0.07578125 0.1453125
1 0.79765625 0.23203125 0.05 0.07578125
1 0.64921875 0.20859375 0.05859375 0.09375
1 0.3609375 0.3859375 0.08125 0.165625
1 0.3328125 0.55859375 0.1171875 0.18828125
1 0.45078125 0.15625 0.05234375 0.11171875
1 0.7328125 0.23671875 0.0671875 0.09296875
0 0.6328125 0.13828125 0.04453125 0.08984375
0 0.37578125 0.26171875 0.06640625 0.11484375
1 0.57265625 0.146875 0.04453125 0.0859375
1 0.61484375 0.41953125 0.078125 0.14140625
1 0.8421875 0.31171875 0.05390625 0.078125
1 0.78046875 0.30078125 0.05 0.08671875
1 0.70390625 0.4390625 0.08125 0.1
1 0.88203125 0.39375 0.05859375 0.12421875
1 0.4890625 0.54765625 0.0984375 0.1953125
1 0.48515625 0.35078125 0.0640625 0.15
1 0.3234375 0.14453125 0.04765625 0.134375
1 0.39296875 0.17421875 0.04453125 0.096875
1 0.24765625 0.37421875 0.07265625 0.18046875
1 0.0953125 0.50546875 0.06328125 0.228125
1 0.80859375 0.3765625 0.08046875 0.140625
