0 0.2046875 0.5484375 0.07109375 0.16640625
1 0.3328125 0.58515625 0.12890625 0.11875
1 0.79921875 0.23203125 0.0484375 0.08125
1 0.61953125 0.41953125 0.09296875 0.12109375
1 0.9375 0.53203125 0.07109375 0.14609375
1 0.2390625 0.39609375 0.07265625 0.178125
1 0.70546875 0.4484375 0.0734375 0.09296875
1 0.45 0.15703125 0.0546875 0.10703125
0 0.49375 0.53203125 0.08828125 0.20703125
1 0.65078125 0.20859375 0.06015625 0.09140625
1 0.36484375 0.38359375 0.08515625 0.1734375
1 0.83828125 0.30703125 0.05703125 0.0953125
1 0.8109375 0.39453125 0.06015625 0.1140625
1 0.38671875 0.18125 0.04453125 0.084375
1 0.88125 0.390625 0.06171875 0.103125
0 0.56953125 0.20390625 0.05 0.0765625
0 0.56484375 0.14609375 0.0484375 0.09296875
0 0.09453125 0.52421875 0.05703125 0.25859375
1 0.7578125 0.290625 0.04609375 0.13046875
0 0.7171875 0.22265625 0.03828125 0.12109375
0 0.62890625 0.1484375 0.04609375 0.078125
0 0.37421875 0.26796875 0.06171875 0.10078125
1 0.32421875 0.15390625 0.04609375 0.15859375
1 0.4828125 0.35390625 0.06328125 0.153125
