0 0.375 0.26640625 0.06484375 0.121875
0 0.33671875 0.55078125 0.125 0.18125
0 0.4921875 0.540625 0.08203125 0.203125
0 0.48046875 0.36171875 0.06484375 0.1390625
0 0.3171875 0.15 0.04609375 0.1
1 0.228125 0.40859375 0.0765625 0.15625
1 0.65 0.20625 0.05859375 0.09140625
1 0.88203125 0.3984375 0.05859375 0.11640625
1 0.45234375 0.18359375 0.05859375 0.06796875
1 0.8109375 0.3859375 0.06171875 0.13828125
1 0.61328125 0.41640625 0.07578125 0.1
0 0.7953125 0.2234375 0.05078125 0.090625
0 0.36171875 0.38359375 0.08515625 0.15546875
0 0.0828125 0.49140625 0.07265625 0.18515625
0 0.71875 0.2234375 0.03828125 0.1203125
0 0.69765625 0.4359375 0.07890625 0.12109375
0 0.63125 0.1484375 0.0484375 0.0890625
0 0.56796875 0.2015625 0.04921875 0.07890625
1 0.18828125 0.58046875 0.1 0.20703125
1 0.56953125 0.14453125 0.05703125 0.08984375
1 0.9390625 0.53671875 0.0765625 0.13359375
0 0.39296875 0.16953125 0.04765625 0.0859375
0 0.7640625 0.284375 0.07421875 0.121875
1 0.84296875 0.296875 0.06328125 0.11171875
