0 0.48203125 0.36171875 0.08671875 0.16640625
0 0.3609375 0.38203125 0.08359375 0.16484375
0 0.4515625 0.15390625 0.05078125 0.11953125
0 0.4921875 0.540625 0.08359375 0.19921875
0 0.3359375 0.55625 0.11796875 0.1765625
0 0.39609375 0.16640625 0.0390625 0.090625
0 0.375 0.26171875 0.0640625 0.1203125
1 0.7 0.44453125 0.08125 0.096875
0 0.2375 0.390625 0.07578125 0.17890625
0 0.62421875 0.165625 0.03828125 0.11015625
0 0.93671875 0.52421875 0.07734375 0.17109375
1 0.61328125 0.41640625 0.07421875 0.09609375
0 0.2046875 0.54296875 0.07109375 0.1640625
1 0.8109375 0.38671875 0.06484375 0.13515625
1 0.65078125 0.20625 0.06015625 0.09375
0 0.58125 0.18828125 0.04921875 0.10625
1 0.7984375 0.22890625 0.04453125 0.07890625
0 0.08828125 0.50390625 0.07421875 0.215625
0 0.7796875 0.29140625 0.05390625 0.10546875
1 0.88203125 0.3984375 0.0578125 0.11640625
0 0.31640625 0.15546875 0.04765625 0.1
1 0.5640625 0.14140625 0.0421875 0.08515625
1 0.71796875 0.228125 0.03828125 0.128125
1 0.83984375 0.3046875 0.078125 0.09375
