0 0.2046875 0.53828125 0.07265625 0.15625
1 0.48828125 0.5390625 0.09765625 0.2
1 0.84296875 0.31015625 0.05078125 0.09296875
1 0.4796875 0.37890625 0.08984375 0.1359375
1 0.3875 0.190625 0.05 0.07109375
1 0.62109375 0.415625 0.08828125 0.14375
1 0.240625 0.39375 0.07109375 0.17578125
1 0.6484375 0.20390625 0.05390625 0.09375
1 0.45390625 0.15625 0.05546875 0.11171875
1 0.7046875 0.44765625 0.0703125 0.09375
1 0.571875 0.14375 0.0453125 0.08671875
1 0.3328125 0.575 0.13046875 0.15
1 0.94296875 0.55390625 0.0828125 0.13046875
1 0.80703125 0.23671875 0.04609375 0.06875
1 0.09296875 0.5109375 0.06015625 0.23828125
1 0.884375 0.390625 0.05859375 0.134375
0 0.56328125 0.19453125 0.04921875 0.115625
0 0.62890625 0.14921875 0.04140625 0.07109375
1 0.3734375 0.26640625 0.06484375 0.11640625
0 0.76015625 0.28671875 0.04921875 0.13359375
1 0.3625 0.384375 0.08828125 0.18125
1 0.71953125 0.22265625 0.04140625 0.1140625
1 0.31875 0.1390625 0.0640625 0.1375
1 0.81171875 0.3796875 0.06328125 0.15625
