0 0.20390625 0.54140625 0.06953125 0.1703125
1 0.62109375 0.41953125 0.090625 0.12109375
1 0.7046875 0.44765625 0.07421875 0.09375
1 0.93984375 0.53125 0.07421875 0.153125
1 0.5640625 0.1984375 0.05078125 0.090625
1 0.8390625 0.30390625 0.0546875 0.09140625
1 0.64765625 0.20625 0.05546875 0.09921875
1 0.4921875 0.53828125 0.08984375 0.196875
1 0.8 0.22890625 0.04296875 0.08203125
1 0.3328125 0.57578125 0.12734375 0.13359375
1 0.3734375 0.26875 0.065625 0.11328125
0 0.728125 0.22578125 0.06015625 0.13125
1 0.48203125 0.38125 0.08515625 0.1359375
0 0.64609375 0.14453125 0.04296875 0.07109375
1 0.8828125 0.403125 0.0578125 0.10703125
0 0.4515625 0.16171875 0.0578125 0.10546875
0 0.0953125 0.50703125 0.05390625 0.2296875
0 0.56953125 0.14921875 0.05546875 0.08828125
0 0.2390625 0.38515625 0.08046875 0.1703125
0 0.3203125 0.16171875 0.04921875 0.12421875
1 0.36640625 0.3953125 0.10546875 0.2109375
0 0.39765625 0.171875 0.053125 0.10234375
1 0.76640625 0.2890625 0.0796875 0.11328125
1 0.815625 0.390625 0.06328125 0.140625
