1 0.33359375 0.584375 0.12890625 0.11875
0 0.20390625 0.54765625 0.06953125 0.16953125
0 0.4890625 0.5359375 0.09609375 0.196875
1 0.7046875 0.44765625 0.071875 0.09375
1 0.240625 0.39609375 0.07109375 0.1703125
0 0.63125 0.14609375 0.04765625 0.08671875
1 0.84375 0.30859375 0.05078125 0.09375
0 0.37421875 0.265625 0.06484375 0.11953125
1 0.64921875 0.20390625 0.05546875 0.096875
1 0.3859375 0.18828125 0.0453125 0.0765625
0 0.80859375 0.240625 0.040625 0.06953125
1 0.88515625 0.38671875 0.06171875 0.1
0 0.57578125 0.190625 0.03828125 0.103125
1 0.7609375 0.2765625 0.05 0.1140625
1 0.09453125 0.50703125 0.05390625 0.23828125
0 0.5625 0.14375 0.05 0.08359375
1 0.9375 0.52578125 0.06875 0.159375
1 0.3625 0.38359375 0.08828125 0.18203125
1 0.31796875 0.15546875 0.05234375 0.1484375
0 0.45390625 0.1640625 0.053125 0.0984375
1 0.71953125 0.21953125 0.0421875 0.125
1 0.48046875 0.38671875 0.08984375 0.13359375
1 0.815625 0.3796875 0.06328125 0.15625
1 0.62109375 0.415625 0.0859375 0.13046875
