1 0.84140625 0.30859375 0.05625 0.09140625
0 0.20546875 0.54140625 0.07265625 0.159375
0 0.23984375 0.39375 0.071875 0.178125
1 0.6203125 0.415625 0.08671875 0.134375
0 0.48828125 0.5359375 0.09609375 0.196875
1 0.7046875 0.44765625 0.071875 0.09375
1 0.64921875 0.20546875 0.05390625 0.09609375
0 0.3734375 0.265625 0.0640625 0.11953125
1 0.33515625 0.57109375 0.12109375 0.14296875
0 0.809375 0.240625 0.04140625 0.06953125
1 0.88359375 0.38125 0.06015625 0.1265625
1 0.09453125 0.50703125 0.0546875 0.23671875
0 0.56875 0.1890625 0.05234375 0.1015625
1 0.76171875 0.27578125 0.04921875 0.1109375
0 0.6265625 0.15703125 0.04296875 0.08515625
1 0.94296875 0.55625 0.08203125 0.13203125
1 0.48125 0.38671875 0.08671875 0.13515625
0 0.565625 0.14453125 0.05625 0.08984375
0 0.45390625 0.16171875 0.05625 0.10703125
0 0.32109375 0.1515625 0.04921875 0.1359375
1 0.3609375 0.3796875 0.1015625 0.184375
0 0.38359375 0.1859375 0.0515625 0.11171875
1 0.72265625 0.21171875 0.04765625 0.12109375
1 0.81484375 0.390625 0.059375 0.159375
