0 0.571875 0.19609375 0.0515625 0.090625
0 0.20390625 0.54921875 0.06953125 0.16796875
1 0.45078125 0.15703125 0.05625 0.10390625
1 0.6515625 0.20625 0.06015625 0.09375
0 0.4890625 0.53515625 0.09609375 0.2
0 0.47890625 0.37578125 0.08984375 0.140625
1 0.33359375 0.58515625 0.12578125 0.1203125
1 0.9390625 0.52890625 0.07578125 0.1546875
0 0.63046875 0.14453125 0.04609375 0.08828125
1 0.7046875 0.44765625 0.07265625 0.09375
1 0.8078125 0.24140625 0.0421875 0.071875
1 0.84609375 0.315625 0.04765625 0.08203125
1 0.62109375 0.42109375 0.08984375 0.121875
1 0.88125 0.38671875 0.05703125 0.10546875
1 0.3734375 0.265625 0.0640625 0.1140625
1 0.7609375 0.2765625 0.04921875 0.1046875
0 0.5625 0.13671875 0.04765625 0.09296875
1 0.71875 0.22265625 0.0390625 0.1234375
0 0.3203125 0.14453125 0.05 0.115625
0 0.2390625 0.390625 0.07890625 0.18203125
0 0.36328125 0.38359375 0.08828125 0.184375
1 0.09453125 0.50546875 0.05546875 0.22578125
1 0.39296875 0.1765625 0.0515625 0.10234375
1 0.815625 0.378125 0.05546875 0.14375
