0 0.20234375 0.53828125 0.0703125 0.165625
1 0.48046875 0.365625 0.0671875 0.146875
1 0.33203125 0.55703125 0.11484375 0.190625
0 0.5625 0.20703125 0.05078125 0.08671875
1 0.64921875 0.20703125 0.05859375 0.09453125
0 0.45078125 0.153125 0.0546875 0.1109375
1 0.7984375 0.23203125 0.0484375 0.0796875
1 0.84296875 0.31171875 0.0515625 0.07578125
1 0.39140625 0.1640625 0.04296875 0.08359375
1 0.7296875 0.23828125 0.0609375 0.08828125
0 0.63125 0.14140625 0.0453125 0.09453125
1 0.37734375 0.25546875 0.06015625 0.1390625
0 0.57109375 0.14140625 0.04609375 0.08515625
1 0.24765625 0.37890625 0.07578125 0.1765625
1 0.70390625 0.4390625 0.08125 0.1
1 0.31796875 0.15390625 0.04609375 0.103125
1 0.6140625 0.41640625 0.07734375 0.14609375
1 0.09453125 0.50703125 0.06875 0.228125
0 0.8828125 0.39609375 0.05703125 0.1296875
1 0.92890625 0.51171875 0.06171875 0.20390625
1 0.3625 0.375 0.09453125 0.1875
1 0.49375 0.54375 0.11796875 0.20546875
1 0.775 0.2921875 0.065625 0.1375
1 0.81328125 0.378125 0.06640625 0.14765625
