0 0.20390625 0.5421875 0.06953125 0.175
1 0.33203125 0.5859375 0.12421875 0.11796875
1 0.621875 0.41953125 0.09140625 0.11796875
1 0.7046875 0.44765625 0.07421875 0.09375
1 0.84375 0.30625 0.05 0.08828125
1 0.6484375 0.20390625 0.05390625 0.096875
0 0.80234375 0.228125 0.04296875 0.09453125
1 0.63125 0.146875 0.04375 0.075
1 0.88203125 0.39140625 0.05859375 0.13125
1 0.23984375 0.39453125 0.071875 0.17890625
1 0.81015625 0.390625 0.0625 0.12890625
0 0.4515625 0.16640625 0.05546875 0.10546875
1 0.49296875 0.53828125 0.08984375 0.196875
1 0.3625 0.38515625 0.08828125 0.1796875
1 0.94296875 0.55390625 0.08203125 0.134375
0 0.56796875 0.14921875 0.05859375 0.08828125
0 0.32109375 0.16171875 0.04921875 0.121875
1 0.5640625 0.19765625 0.05 0.09140625
0 0.09453125 0.50390625 0.05703125 0.23046875
1 0.38828125 0.17890625 0.04609375 0.08828125
1 0.48203125 0.39609375 0.0921875 0.11640625
1 0.7203125 0.22265625 0.04453125 0.12890625
1 0.371875 0.2625 0.071875 0.11640625
0 0.77109375 0.28828125 0.06875 0.11171875
