1 0.70078125 0.45078125 0.08671875 0.09453125
0 0.32734375 0.56171875 0.11015625 0.19453125
0 0.2046875 0.54140625 0.06953125 0.17421875
0 0.48984375 0.53828125 0.09453125 0.20625
0 0.2390625 0.4015625 0.07578125 0.13984375
1 0.7984375 0.23046875 0.04609375 0.06640625
1 0.65 0.20625 0.05859375 0.09375
1 0.6125 0.41640625 0.075 0.09609375
0 0.0796875 0.534375 0.08515625 0.1609375
0 0.8796875 0.38515625 0.04609375 0.13125
1 0.8375 0.30546875 0.0578125 0.0984375
0 0.8171875 0.38046875 0.0765625 0.1515625
1 0.36171875 0.38359375 0.08828125 0.1734375
1 0.57265625 0.153125 0.053125 0.09453125
1 0.721875 0.20703125 0.03828125 0.1203125
1 0.7671875 0.29140625 0.05390625 0.1015625
1 0.94296875 0.53515625 0.08046875 0.1390625
1 0.31953125 0.1484375 0.04765625 0.0984375
0 0.4796875 0.36875 0.06953125 0.13515625
0 0.37421875 0.26796875 0.06640625 0.11796875
1 0.39375 0.16953125 0.03515625 0.08984375
0 0.6296875 0.15546875 0.04765625 0.05703125
0 0.45078125 0.15546875 0.05234375 0.1203125
0 0.5671875 0.21796875 0.084375 0.11015625
