0 0.3265625 0.55859375 0.10859375 0.20078125
0 0.93515625 0.52421875 0.07421875 0.16796875
1 0.23828125 0.40390625 0.08046875 0.153125
1 0.4921875 0.5359375 0.08984375 0.1953125
0 0.56875 0.19453125 0.0421875 0.1
1 0.6515625 0.20703125 0.06015625 0.09609375
1 0.796875 0.22890625 0.046875 0.0734375
1 0.5671875 0.14140625 0.0484375 0.09609375
0 0.4546875 0.1609375 0.053125 0.1046875
0 0.08984375 0.49375 0.06015625 0.2015625
0 0.7703125 0.29296875 0.05546875 0.0953125
1 0.7328125 0.23359375 0.06328125 0.09921875
1 0.88125 0.39453125 0.05703125 0.11015625
0 0.38984375 0.18203125 0.03984375 0.0734375
0 0.37578125 0.24765625 0.0640625 0.134375
1 0.19296875 0.57890625 0.0953125 0.1734375
0 0.32109375 0.15703125 0.04921875 0.121875
1 0.7 0.43203125 0.08828125 0.11484375
0 0.63046875 0.1484375 0.04765625 0.0890625
0 0.8421875 0.3015625 0.04609375 0.09140625
0 0.4796875 0.36953125 0.07109375 0.13828125
1 0.3609375 0.37109375 0.08203125 0.1609375
0 0.61796875 0.3890625 0.0796875 0.16953125
0 0.809375 0.3578125 0.0671875 0.16328125
