0 0.57109375 0.19609375 0.04921875 0.090625
0 0.20390625 0.54609375 0.06953125 0.16640625
1 0.33125 0.58828125 0.1234375 0.1234375
1 0.6515625 0.20625 0.06015625 0.09375
0 0.4890625 0.53671875 0.09609375 0.1984375
1 0.84375 0.30703125 0.05 0.0890625
1 0.240625 0.3984375 0.07109375 0.16640625
1 0.6203125 0.415625 0.0890625 0.1359375
0 0.3734375 0.26640625 0.06484375 0.121875
1 0.7046875 0.4484375 0.07109375 0.09296875
1 0.4515625 0.16328125 0.05859375 0.096875
1 0.3875 0.18203125 0.04453125 0.09453125
1 0.81015625 0.24140625 0.03984375 0.06875
1 0.88515625 0.38828125 0.06171875 0.09921875
1 0.63046875 0.14453125 0.04765625 0.09140625
1 0.56796875 0.14375 0.05703125 0.0890625
1 0.9390625 0.528125 0.07578125 0.1609375
1 0.76171875 0.278125 0.05 0.1109375
1 0.48046875 0.39921875 0.09296875 0.11171875
0 0.71875 0.22265625 0.03984375 0.1234375
1 0.09609375 0.50625 0.05546875 0.228125
1 0.3203125 0.153125 0.05078125 0.140625
1 0.80859375 0.42421875 0.06328125 0.21015625
1 0.3640625 0.38046875 0.0984375 0.1765625
