0 0.565625 0.19921875 0.0453125 0.0859375
1 0.33046875 0.55703125 0.1140625 0.1796875
1 0.6984375 0.44296875 0.0875 0.09375
1 0.4890625 0.53828125 0.09453125 0.21640625
1 0.6484375 0.20546875 0.05390625 0.0984375
1 0.37421875 0.26171875 0.06484375 0.121875
1 0.19140625 0.58828125 0.090625 0.1765625
1 0.84296875 0.30625 0.04765625 0.08828125
1 0.0859375 0.515625 0.06640625 0.1859375
1 0.77890625 0.296875 0.05546875 0.0953125
0 0.79453125 0.2265625 0.05 0.0859375
1 0.36328125 0.38359375 0.08984375 0.1734375
1 0.63125 0.14375 0.04375 0.0890625
1 0.71796875 0.23359375 0.0390625 0.14375
1 0.2453125 0.36640625 0.07265625 0.18515625
1 0.61484375 0.41640625 0.075 0.13515625
1 0.94375 0.54453125 0.0828125 0.12890625
1 0.88515625 0.39375 0.05859375 0.128125
1 0.57421875 0.14140625 0.04765625 0.0890625
1 0.45390625 0.15703125 0.04921875 0.11875
1 0.4703125 0.39765625 0.0703125 0.13984375
1 0.80859375 0.38828125 0.08828125 0.1546875
0 0.32265625 0.16015625 0.0640625 0.13828125
1 0.3921875 0.16796875 0.05234375 0.115625
