0 0.45390625 0.16875 0.0546875 0.090625
0 0.6328125 0.14375 0.04296875 0.07578125
1 0.3296875 0.5859375 0.11640625 0.175
1 0.48359375 0.37109375 0.07734375 0.140625
1 0.796875 0.23046875 0.04609375 0.071875
1 0.20078125 0.53125 0.0734375 0.175
0 0.5671875 0.1984375 0.04453125 0.0890625
1 0.9453125 0.55703125 0.09296875 0.109375
1 0.8390625 0.30703125 0.05234375 0.08515625
1 0.88203125 0.3984375 0.05625 0.10390625
1 0.37421875 0.26328125 0.0671875 0.11796875
1 0.6515625 0.203125 0.05 0.09296875
0 0.6890625 0.40703125 0.071875 0.1390625
1 0.09140625 0.503125 0.06328125 0.23359375
1 0.76796875 0.2984375 0.05 0.09453125
0 0.5734375 0.14140625 0.04609375 0.0890625
1 0.49453125 0.53515625 0.08828125 0.19375
0 0.7328125 0.22421875 0.0609375 0.09921875
0 0.3203125 0.1453125 0.04921875 0.09296875
1 0.23828125 0.39375 0.07421875 0.16875
1 0.61796875 0.40859375 0.0578125 0.16796875
1 0.3640625 0.384375 0.10390625 0.18046875
1 0.390625 0.18515625 0.05546875 0.09140625
1 0.8140625 0.3828125 0.06328125 0.14765625
