0 0.56953125 0.20390625 0.04921875 0.0765625
1 0.70625 0.4484375 0.07578125 0.09453125
0 0.2046875 0.54609375 0.0703125 0.16640625
1 0.6203125 0.41953125 0.08984375 0.12109375
1 0.79921875 0.23203125 0.04921875 0.08125
1 0.81015625 0.39453125 0.06171875 0.11171875
1 0.65078125 0.20703125 0.05703125 0.090625
0 0.45 0.15703125 0.0546875 0.109375
1 0.56484375 0.16171875 0.05 0.0609375
1 0.49296875 0.53203125 0.08828125 0.20703125
1 0.83828125 0.30703125 0.05703125 0.09453125
1 0.33359375 0.58515625 0.125 0.11875
1 0.2375 0.39453125 0.07578125 0.18046875
1 0.36328125 0.3859375 0.09140625 0.17890625
0 0.321875 0.1484375 0.04921875 0.1109375
1 0.88125 0.39296875 0.06328125 0.10078125
0 0.63125 0.14453125 0.0453125 0.08046875
1 0.7578125 0.28125 0.046875 0.1140625
1 0.3875 0.18203125 0.04609375 0.08515625
1 0.375 0.26015625 0.05859375 0.10703125
1 0.94140625 0.54140625 0.08125 0.13359375
1 0.48359375 0.35390625 0.0625 0.1546875
0 0.71875 0.2234375 0.03828125 0.121875
1 0.09453125 0.50703125 0.0578125 0.228125
