1 0.23828125 0.40078125 0.08203125 0.159375
1 0.79765625 0.22890625 0.046875 0.075
1 0.9359375 0.5265625 0.07734375 0.15625
1 0.6515625 0.20859375 0.06171875 0.0953125
1 0.18984375 0.565625 0.10078125 0.203125
1 0.33125 0.58203125 0.11953125 0.16328125
1 0.4921875 0.53515625 0.08984375 0.19609375
1 0.48125 0.37578125 0.07578125 0.14453125
1 0.88203125 0.39453125 0.05859375 0.11015625
0 0.4546875 0.15859375 0.05234375 0.103125
0 0.09296875 0.48828125 0.05390625 0.1953125
0 0.76796875 0.29140625 0.05390625 0.09609375
1 0.73203125 0.23203125 0.0640625 0.0984375
1 0.36015625 0.378125 0.08046875 0.18359375
0 0.56875 0.14375 0.05 0.090625
1 0.390625 0.18359375 0.04140625 0.07890625
1 0.6953125 0.41796875 0.0828125 0.15078125
1 0.61484375 0.40703125 0.0625 0.16875
0 0.63125 0.14453125 0.04765625 0.08203125
0 0.3203125 0.15703125 0.0484375 0.128125
1 0.84296875 0.30546875 0.04765625 0.090625
1 0.38125 0.246875 0.08046875 0.12578125
0 0.56640625 0.20390625 0.0671875 0.0875
1 0.80546875 0.36640625 0.0765625 0.1671875
