0 0.2046875 0.5484375 0.07109375 0.16640625
1 0.70625 0.44921875 0.07578125 0.09375
1 0.3328125 0.58515625 0.1265625 0.11875
1 0.45 0.15703125 0.0546875 0.10546875
1 0.79921875 0.23203125 0.04921875 0.08125
1 0.2390625 0.39453125 0.075 0.1765625
1 0.65078125 0.20703125 0.05859375 0.090625
1 0.38671875 0.18125 0.0453125 0.08828125
1 0.49375 0.53125 0.08828125 0.20625
1 0.81015625 0.39453125 0.05859375 0.11015625
1 0.83828125 0.30859375 0.05859375 0.0953125
1 0.9375 0.53359375 0.0703125 0.14375
1 0.61953125 0.41875 0.09296875 0.128125
0 0.56953125 0.20390625 0.04921875 0.075
1 0.56484375 0.14921875 0.053125 0.08828125
1 0.36640625 0.3859375 0.08671875 0.1734375
1 0.88125 0.39375 0.0625 0.0984375
1 0.75703125 0.28671875 0.04609375 0.12578125
0 0.71796875 0.22109375 0.03828125 0.12421875
0 0.6328125 0.14140625 0.040625 0.08671875
1 0.0953125 0.50859375 0.059375 0.22890625
1 0.3234375 0.15625 0.04609375 0.16171875
1 0.4859375 0.34296875 0.0890625 0.17109375
1 0.3703125 0.28046875 0.08203125 0.1234375
