0 0.3609375 0.38046875 0.08359375 0.1609375
0 0.20390625 0.5359375 0.07265625 0.17890625
0 0.39609375 0.16640625 0.03984375 0.09296875
0 0.4515625 0.1546875 0.05078125 0.1203125
0 0.484375 0.353125 0.06484375 0.14609375
0 0.3359375 0.55078125 0.11796875 0.178125
1 0.7 0.44453125 0.08125 0.096875
0 0.4921875 0.540625 0.08359375 0.20078125
0 0.57890625 0.19140625 0.04453125 0.1015625
0 0.2390625 0.38203125 0.06484375 0.1515625
1 0.65078125 0.20625 0.06015625 0.09375
0 0.93515625 0.5234375 0.07265625 0.16640625
1 0.31640625 0.15546875 0.04921875 0.0984375
1 0.6125 0.41640625 0.07421875 0.09609375
0 0.37578125 0.2609375 0.0640625 0.12109375
1 0.81015625 0.39296875 0.06484375 0.1234375
1 0.7984375 0.22890625 0.04375 0.08046875
1 0.08828125 0.50390625 0.0734375 0.21796875
1 0.56640625 0.14296875 0.04609375 0.084375
0 0.71796875 0.22890625 0.03828125 0.125
0 0.625 0.16640625 0.0375 0.11484375
1 0.88125 0.3984375 0.06015625 0.11640625
0 0.7796875 0.29140625 0.05390625 0.10546875
1 0.840625 0.29609375 0.06953125 0.11015625
