0 0.565625 0.203125 0.04765625 0.09609375
0 0.2046875 0.53515625 0.07109375 0.16875
0 0.375 0.2640625 0.06640625 0.1203125
1 0.79765625 0.2265625 0.05078125 0.0859375
0 0.48984375 0.53359375 0.0953125 0.1953125
1 0.65078125 0.20703125 0.0609375 0.09296875
1 0.70390625 0.4390625 0.08203125 0.0984375
0 0.63203125 0.14296875 0.04921875 0.0859375
0 0.3890625 0.19609375 0.053125 0.07421875
1 0.4515625 0.1609375 0.05859375 0.1140625
1 0.9375 0.5359375 0.07578125 0.14375
1 0.84140625 0.31328125 0.053125 0.0765625
1 0.78046875 0.3046875 0.04921875 0.08671875
1 0.0859375 0.5015625 0.07421875 0.2265625
0 0.571875 0.14140625 0.04765625 0.09296875
1 0.7328125 0.23671875 0.06484375 0.090625
1 0.47890625 0.36796875 0.08046875 0.13984375
1 0.61171875 0.41328125 0.0703125 0.10625
0 0.88203125 0.390625 0.05859375 0.12890625
1 0.2484375 0.3765625 0.07578125 0.1734375
0 0.3203125 0.14921875 0.04921875 0.115625
1 0.3296875 0.56171875 0.11796875 0.18515625
0 0.81328125 0.3828125 0.0578125 0.134375
1 0.35859375 0.3703125 0.10234375 0.15625
