0 0.20390625 0.54375 0.06953125 0.1609375
0 0.5625 0.19765625 0.04609375 0.08828125
0 0.375 0.26640625 0.06796875 0.11875
1 0.7703125 0.2859375 0.06015625 0.1046875
0 0.36171875 0.3890625 0.0875 0.15
0 0.63203125 0.14453125 0.04609375 0.08984375
1 0.70078125 0.4484375 0.0859375 0.09296875
1 0.65 0.20546875 0.05703125 0.09296875
0 0.23984375 0.39921875 0.08125 0.15625
1 0.6140625 0.415625 0.07578125 0.0953125
0 0.33515625 0.55859375 0.11640625 0.19140625
0 0.3890625 0.17890625 0.0453125 0.0765625
1 0.56953125 0.13828125 0.05390625 0.0953125
1 0.88359375 0.39375 0.0546875 0.11640625
0 0.08046875 0.51328125 0.08125 0.20625
1 0.93984375 0.5359375 0.08046875 0.14140625
0 0.7984375 0.23046875 0.04296875 0.08046875
1 0.83203125 0.2984375 0.0453125 0.0890625
0 0.71796875 0.2234375 0.03828125 0.1203125
1 0.815625 0.38203125 0.0734375 0.14453125
1 0.4546875 0.18828125 0.0609375 0.0640625
1 0.4765625 0.40703125 0.08828125 0.13125
0 0.3203125 0.14453125 0.04921875 0.1203125
0 0.48828125 0.54765625 0.12265625 0.21328125
