0 0.39609375 0.16796875 0.0375 0.08828125
0 0.3375 0.55546875 0.11953125 0.16875
0 0.36015625 0.384375 0.08359375 0.18125
1 0.6984375 0.44453125 0.08359375 0.096875
0 0.37578125 0.25859375 0.0640625 0.12890625
0 0.49140625 0.5390625 0.0828125 0.2109375
1 0.7796875 0.29140625 0.05390625 0.10703125
1 0.6125 0.41640625 0.07421875 0.09609375
1 0.65078125 0.20625 0.0578125 0.09375
0 0.0859375 0.521875 0.0765625 0.1859375
0 0.31484375 0.15390625 0.04765625 0.096875
0 0.61953125 0.165625 0.05234375 0.10078125
1 0.18203125 0.61875 0.08671875 0.1484375
0 0.22890625 0.38359375 0.08828125 0.15859375
1 0.45234375 0.15703125 0.05 0.12421875
1 0.83984375 0.30859375 0.0546875 0.0765625
1 0.56640625 0.14375 0.04453125 0.08359375
0 0.5671875 0.19140625 0.03984375 0.1
1 0.71875 0.22421875 0.03671875 0.1265625
1 0.88125 0.428125 0.0609375 0.1796875
0 0.4765625 0.3515625 0.06953125 0.14921875
1 0.93828125 0.52109375 0.0765625 0.18125
1 0.79609375 0.2359375 0.07578125 0.10078125
1 0.81484375 0.38515625 0.08046875 0.1859375
