0 0.5671875 0.20390625 0.04609375 0.0953125
1 0.3625 0.38671875 0.08828125 0.1609375
1 0.6515625 0.20859375 0.06015625 0.09921875
0 0.49296875 0.53671875 0.08984375 0.19453125
1 0.79921875 0.22890625 0.04375 0.0765625
1 0.19140625 0.58359375 0.09765625 0.14921875
1 0.809375 0.39296875 0.06328125 0.125
1 0.3265625 0.59609375 0.1140625 0.15390625
1 0.703125 0.43359375 0.0796875 0.10625
1 0.8390625 0.29921875 0.05390625 0.09140625
1 0.6140625 0.4109375 0.0703125 0.146875
1 0.0921875 0.4734375 0.06171875 0.28515625
0 0.4546875 0.16953125 0.05390625 0.0859375
1 0.24140625 0.390625 0.07265625 0.17890625
1 0.4828125 0.37890625 0.08515625 0.13984375
1 0.88125 0.39453125 0.05546875 0.11015625
1 0.93828125 0.50859375 0.07109375 0.18828125
1 0.39140625 0.178125 0.0390625 0.09296875
1 0.73125 0.23046875 0.06171875 0.10546875
0 0.575 0.14375 0.0546875 0.1
1 0.378125 0.25078125 0.0578125 0.121875
0 0.63203125 0.1484375 0.04453125 0.078125
0 0.31796875 0.146875 0.053125 0.12109375
1 0.778125 0.29140625 0.06171875 0.10859375
