0 0.2046875 0.53671875 0.07109375 0.16484375
0 0.56875 0.19921875 0.04453125 0.08984375
1 0.65078125 0.20703125 0.06015625 0.09453125
1 0.70390625 0.440625 0.08125 0.0953125
1 0.48984375 0.53359375 0.09453125 0.19140625
1 0.4515625 0.15390625 0.053125 0.11171875
1 0.73203125 0.2359375 0.0640625 0.08984375
1 0.61328125 0.41171875 0.07265625 0.10546875
1 0.79609375 0.22421875 0.05 0.0859375
1 0.0875 0.49296875 0.07421875 0.24375
0 0.63046875 0.140625 0.04609375 0.09375
0 0.3203125 0.14609375 0.04921875 0.10546875
1 0.8390625 0.31171875 0.05859375 0.07578125
1 0.5671875 0.14296875 0.04765625 0.08984375
1 0.78125 0.303125 0.04921875 0.090625
1 0.88203125 0.39453125 0.05859375 0.1234375
1 0.39296875 0.17890625 0.04375 0.08828125
1 0.33125 0.56171875 0.11796875 0.18515625
1 0.9375 0.53203125 0.07421875 0.1515625
1 0.4796875 0.36640625 0.08046875 0.140625
1 0.3609375 0.38125 0.084375 0.1765625
1 0.2484375 0.378125 0.07265625 0.171875
1 0.81484375 0.4078125 0.078125 0.11015625
