0 0.5625 0.209375 0.05 0.08125
0 0.20390625 0.540625 0.07109375 0.17890625
1 0.7046875 0.44765625 0.0734375 0.09375
1 0.3328125 0.5765625 0.1265625 0.115625
1 0.62109375 0.41875 0.08984375 0.121875
1 0.6484375 0.20625 0.05390625 0.0953125
1 0.49296875 0.53515625 0.08984375 0.1984375
1 0.81015625 0.3890625 0.06328125 0.128125
1 0.3625 0.38203125 0.0875 0.171875
0 0.628125 0.14921875 0.04375 0.0765625
1 0.57109375 0.14921875 0.05390625 0.08828125
1 0.71796875 0.2234375 0.0390625 0.128125
1 0.77734375 0.29453125 0.05859375 0.09140625
1 0.88203125 0.403125 0.05859375 0.10546875
1 0.48203125 0.38046875 0.08359375 0.14296875
1 0.93828125 0.52578125 0.07421875 0.16640625
1 0.23828125 0.38671875 0.0796875 0.17578125
1 0.09453125 0.50390625 0.05625 0.2265625
1 0.38984375 0.1765625 0.04140625 0.09140625
0 0.3203125 0.16328125 0.05 0.125
1 0.3734375 0.25859375 0.0765625 0.10859375
0 0.4515625 0.1625 0.0546875 0.10390625
1 0.7984375 0.21796875 0.05 0.078125
1 0.840625 0.303125 0.059375 0.1234375
