0 0.20390625 0.54140625 0.071875 0.18125
1 0.7046875 0.44765625 0.0734375 0.09375
1 0.4828125 0.38203125 0.08515625 0.1390625
1 0.33515625 0.58203125 0.12578125 0.11875
0 0.79921875 0.22421875 0.04765625 0.09375
1 0.56328125 0.19453125 0.0515625 0.09375
1 0.62109375 0.41953125 0.09140625 0.12109375
1 0.6484375 0.20546875 0.0546875 0.0984375
1 0.4921875 0.53828125 0.08984375 0.1953125
1 0.3734375 0.26875 0.065625 0.1109375
1 0.81015625 0.3890625 0.0625 0.128125
1 0.77109375 0.2890625 0.05625 0.109375
0 0.71875 0.2234375 0.04296875 0.128125
1 0.88203125 0.403125 0.0578125 0.10703125
0 0.5703125 0.14921875 0.0546875 0.08828125
1 0.2390625 0.39140625 0.07578125 0.18671875
0 0.63828125 0.14609375 0.04140625 0.0703125
1 0.93671875 0.5234375 0.06953125 0.16328125
1 0.45234375 0.16796875 0.05703125 0.09921875
0 0.3921875 0.1765625 0.03984375 0.09375
1 0.09375 0.50390625 0.05546875 0.23046875
1 0.3640625 0.37734375 0.0984375 0.18828125
0 0.31796875 0.15390625 0.0578125 0.11171875
1 0.8421875 0.29765625 0.06953125 0.1171875
