0 0.565625 0.1984375 0.04609375 0.08515625
0 0.775 0.28828125 0.05546875 0.10078125
1 0.65078125 0.20625 0.05859375 0.09921875
0 0.48984375 0.5390625 0.09296875 0.1890625
0 0.2375 0.378125 0.075 0.16640625
1 0.79921875 0.23203125 0.04453125 0.06875
1 0.88125 0.39375 0.05546875 0.11328125
0 0.08671875 0.51328125 0.06796875 0.184375
1 0.33046875 0.55625 0.11484375 0.19375
1 0.81171875 0.38359375 0.06640625 0.13984375
1 0.37578125 0.2484375 0.0640625 0.121875
0 0.63125 0.14296875 0.04921875 0.08203125
1 0.18828125 0.56640625 0.0890625 0.15703125
1 0.6140625 0.41640625 0.07421875 0.1390625
1 0.3625 0.38203125 0.08828125 0.171875
1 0.94296875 0.54296875 0.08203125 0.125
1 0.4515625 0.16640625 0.05078125 0.1109375
1 0.57109375 0.13515625 0.04453125 0.090625
1 0.31953125 0.15390625 0.05 0.11015625
1 0.70078125 0.440625 0.08828125 0.10859375
1 0.4703125 0.39140625 0.07109375 0.12421875
1 0.71875 0.22421875 0.04140625 0.1265625
1 0.3953125 0.1625 0.0671875 0.12421875
1 0.84765625 0.2953125 0.06796875 0.103125
