0 0.56328125 0.2109375 0.05234375 0.08203125
1 0.9375 0.53203125 0.07265625 0.14296875
1 0.65078125 0.20703125 0.0609375 0.09453125
1 0.7984375 0.228125 0.04921875 0.08671875
1 0.36328125 0.38671875 0.0875 0.16640625
1 0.7328125 0.23671875 0.06640625 0.090625
0 0.37890625 0.26796875 0.075 0.1140625
1 0.8390625 0.30859375 0.05546875 0.08203125
1 0.7765625 0.3015625 0.05859375 0.0859375
1 0.45078125 0.15625 0.05234375 0.115625
1 0.20078125 0.52578125 0.07109375 0.1890625
1 0.48046875 0.37578125 0.06796875 0.121875
1 0.88359375 0.39921875 0.0625 0.11953125
1 0.61640625 0.41640625 0.075 0.14453125
1 0.3890625 0.165625 0.0484375 0.09140625
1 0.5734375 0.14453125 0.04921875 0.08984375
1 0.63125 0.14140625 0.0375 0.08515625
1 0.0921875 0.51953125 0.06484375 0.196875
0 0.24765625 0.36953125 0.07265625 0.1765625
1 0.31796875 0.15390625 0.04765625 0.103125
0 0.33125 0.55546875 0.1140625 0.2
1 0.70078125 0.440625 0.08671875 0.10859375
1 0.4890625 0.54609375 0.09609375 0.1984375
1 0.81328125 0.378125 0.06640625 0.153125
