0 0.2046875 0.54765625 0.07109375 0.165625
1 0.33359375 0.58671875 0.12890625 0.11640625
1 0.79921875 0.23203125 0.04921875 0.0796875
1 0.23984375 0.39375 0.07265625 0.1796875
1 0.81015625 0.39609375 0.059375 0.10703125
1 0.70546875 0.44921875 0.075 0.09375
1 0.45 0.15625 0.05390625 0.10859375
0 0.49296875 0.53125 0.08828125 0.2046875
1 0.6515625 0.20703125 0.06015625 0.090625
0 0.56953125 0.20390625 0.04921875 0.0734375
1 0.36640625 0.38359375 0.08515625 0.17109375
1 0.9390625 0.53203125 0.075 0.1515625
1 0.62109375 0.4140625 0.08828125 0.12578125
1 0.56484375 0.14921875 0.05234375 0.08828125
1 0.8390625 0.3109375 0.06015625 0.0859375
1 0.38828125 0.18125 0.04609375 0.0859375
1 0.88125 0.39140625 0.0625 0.1015625
1 0.7578125 0.28359375 0.04609375 0.11953125
0 0.71796875 0.22265625 0.03828125 0.12109375
1 0.0953125 0.51171875 0.06015625 0.23515625
1 0.3234375 0.14609375 0.04609375 0.14296875
1 0.3734375 0.253125 0.06171875 0.121875
1 0.4859375 0.35390625 0.084375 0.178125
0 0.634375 0.14609375 0.04921875 0.10546875
