0 0.56484375 0.20390625 0.04609375 0.075
0 0.4734375 0.39609375 0.07421875 0.1484375
0 0.77890625 0.2984375 0.05234375 0.090625
1 0.70078125 0.44921875 0.08671875 0.09375
0 0.3609375 0.378125 0.084375 0.13125
1 0.79765625 0.22890625 0.046875 0.0765625
1 0.1890625 0.59140625 0.0890625 0.14609375
0 0.23828125 0.378125 0.07265625 0.16875
0 0.07890625 0.51796875 0.078125 0.17890625
1 0.65 0.20390625 0.0609375 0.09921875
0 0.63046875 0.14375 0.04453125 0.09609375
1 0.3765625 0.25703125 0.06484375 0.1109375
1 0.94453125 0.52734375 0.07578125 0.1453125
1 0.61328125 0.415625 0.07578125 0.09921875
0 0.83828125 0.303125 0.06171875 0.0984375
0 0.4875 0.53828125 0.09921875 0.175
0 0.31953125 0.14921875 0.04765625 0.11171875
1 0.88046875 0.3890625 0.05 0.13125
1 0.45078125 0.15859375 0.05234375 0.11796875
1 0.33515625 0.54609375 0.11328125 0.2
0 0.3953125 0.16953125 0.03828125 0.0953125
1 0.5703125 0.14609375 0.05234375 0.09296875
1 0.71796875 0.22421875 0.03828125 0.11953125
0 0.81953125 0.3921875 0.08359375 0.18671875
