0 0.203125 0.54765625 0.0703125 0.165625
1 0.33359375 0.5859375 0.12890625 0.12109375
0 0.4890625 0.53359375 0.09609375 0.20078125
1 0.6515625 0.20546875 0.06015625 0.09296875
1 0.7046875 0.4484375 0.07421875 0.09296875
0 0.47734375 0.3734375 0.08984375 0.140625
1 0.84609375 0.3140625 0.04765625 0.08125
1 0.240625 0.39375 0.07265625 0.17578125
0 0.63046875 0.14296875 0.04375 0.096875
1 0.38828125 0.18125 0.03984375 0.0953125
0 0.56953125 0.19921875 0.04921875 0.08203125
1 0.8828125 0.38828125 0.06015625 0.0953125
1 0.93828125 0.52578125 0.07421875 0.1609375
0 0.56640625 0.14296875 0.05 0.08984375
0 0.809375 0.2421875 0.04296875 0.0734375
1 0.75859375 0.2734375 0.04609375 0.09609375
1 0.45 0.15390625 0.05078125 0.11796875
0 0.375 0.25703125 0.06328125 0.13359375
1 0.09375 0.50703125 0.06015625 0.22578125
1 0.6203125 0.41953125 0.0890625 0.125
0 0.71875 0.22109375 0.03984375 0.12421875
1 0.36328125 0.37890625 0.0875 0.17109375
1 0.3203125 0.14296875 0.05078125 0.1265625
1 0.81171875 0.38828125 0.0765625 0.13046875
