0 0.20546875 0.553125 0.07421875 0.18671875
0 0.3765625 0.265625 0.0640625 0.1140625
1 0.7015625 0.44921875 0.0921875 0.10625
1 0.33046875 0.57578125 0.11171875 0.11640625
1 0.7296875 0.2359375 0.05859375 0.09375
0 0.49375 0.50703125 0.08828125 0.23359375
1 0.79765625 0.23203125 0.04921875 0.0703125
1 0.65 0.20546875 0.0625 0.1
1 0.56953125 0.15625 0.05078125 0.075
0 0.31171875 0.1734375 0.05546875 0.11640625
1 0.3640625 0.365625 0.10390625 0.14140625
1 0.45234375 0.22109375 0.06015625 0.24453125
1 0.38828125 0.1859375 0.05546875 0.065625
0 0.62421875 0.1484375 0.03984375 0.07578125
0 0.78671875 0.296875 0.05234375 0.0859375
1 0.61328125 0.415625 0.07578125 0.09921875
0 0.10625 0.57265625 0.06328125 0.26953125
1 0.88203125 0.39765625 0.06015625 0.10625
1 0.23359375 0.39765625 0.08203125 0.15625
0 0.5671875 0.19140625 0.046875 0.09609375
1 0.84375 0.30859375 0.05 0.096875
1 0.9421875 0.55859375 0.08203125 0.14140625
0 0.4828125 0.35859375 0.08515625 0.16875
0 0.8015625 0.3671875 0.06953125 0.178125
