0 0.57109375 0.19609375 0.05234375 0.0890625
0 0.20390625 0.54921875 0.06953125 0.16796875
0 0.4890625 0.534375 0.09765625 0.2
1 0.45078125 0.15703125 0.05546875 0.1046875
1 0.7046875 0.44765625 0.07265625 0.09375
1 0.6515625 0.20625 0.05859375 0.09375
0 0.47890625 0.37421875 0.08828125 0.13984375
0 0.63125 0.14453125 0.04765625 0.08984375
1 0.8453125 0.3140625 0.04921875 0.08125
1 0.9390625 0.52890625 0.075 0.15625
1 0.33203125 0.58671875 0.12109375 0.12421875
1 0.62109375 0.41875 0.08984375 0.1203125
1 0.38828125 0.18203125 0.0390625 0.09609375
1 0.8078125 0.24140625 0.04140625 0.0703125
1 0.88203125 0.38671875 0.05625 0.10390625
1 0.36328125 0.38515625 0.08828125 0.18125
1 0.23671875 0.38671875 0.08359375 0.18359375
0 0.5625 0.1390625 0.0484375 0.090625
1 0.81015625 0.440625 0.06328125 0.2453125
1 0.0953125 0.51015625 0.05703125 0.2296875
1 0.71875 0.22109375 0.03984375 0.1203125
1 0.7578125 0.27421875 0.04765625 0.103125
0 0.32109375 0.1515625 0.04765625 0.13125
1 0.36875 0.25859375 0.07109375 0.1359375
