0 0.56953125 0.20390625 0.04921875 0.0734375
0 0.20390625 0.54765625 0.06953125 0.165625
1 0.79921875 0.23203125 0.04921875 0.08125
1 0.70625 0.44765625 0.075 0.09375
1 0.81015625 0.39453125 0.06171875 0.1140625
1 0.45 0.15703125 0.0546875 0.10703125
1 0.6203125 0.42109375 0.0890625 0.11875
1 0.83828125 0.30625 0.05703125 0.09140625
1 0.65078125 0.20703125 0.0578125 0.090625
0 0.49375 0.53203125 0.08828125 0.20703125
0 0.2375 0.39296875 0.07578125 0.1859375
1 0.33359375 0.58515625 0.125 0.11875
0 0.321875 0.1484375 0.04921875 0.11328125
1 0.36328125 0.3859375 0.09140625 0.18046875
0 0.56484375 0.15703125 0.05 0.0703125
1 0.88203125 0.39140625 0.06328125 0.0984375
1 0.7578125 0.290625 0.046875 0.13203125
1 0.94140625 0.52890625 0.08203125 0.15859375
1 0.484375 0.353125 0.06328125 0.15546875
1 0.3875 0.18203125 0.04609375 0.08515625
0 0.71796875 0.22109375 0.03828125 0.121875
0 0.63046875 0.14453125 0.04453125 0.0796875
0 0.37421875 0.2609375 0.06015625 0.10859375
1 0.09453125 0.50703125 0.05859375 0.228125
