0 0.57265625 0.20859375 0.05390625 0.0640625
1 0.3328125 0.5859375 0.12734375 0.11796875
1 0.83671875 0.30625 0.0546875 0.09375
1 0.45 0.15703125 0.0546875 0.10703125
1 0.62265625 0.41796875 0.0875 0.1234375
1 0.65078125 0.20859375 0.06015625 0.08828125
0 0.36484375 0.38125 0.08515625 0.18203125
1 0.81015625 0.39765625 0.059375 0.11015625
1 0.70546875 0.44765625 0.07265625 0.096875
1 0.79921875 0.234375 0.04765625 0.08125
1 0.23671875 0.3984375 0.07890625 0.1703125
1 0.56875 0.14453125 0.0546875 0.0859375
1 0.9375 0.53203125 0.07421875 0.1484375
1 0.3875 0.18125 0.04296875 0.0953125
1 0.18828125 0.5984375 0.09296875 0.1703125
0 0.71875 0.22265625 0.03828125 0.11796875
0 0.63515625 0.16171875 0.05 0.0703125
1 0.321875 0.15546875 0.05 0.14453125
0 0.08359375 0.50546875 0.075 0.209375
0 0.7578125 0.2890625 0.04765625 0.1296875
0 0.49453125 0.52890625 0.08828125 0.21171875
1 0.875 0.37109375 0.06015625 0.13125
0 0.48671875 0.3515625 0.06796875 0.15859375
1 0.38359375 0.26796875 0.0734375 0.08984375
