1 0.79921875 0.23046875 0.04296875 0.07578125
0 0.49296875 0.5359375 0.08984375 0.20078125
1 0.6515625 0.20703125 0.06015625 0.09453125
0 0.37421875 0.25703125 0.0640625 0.12578125
1 0.18984375 0.58125 0.09609375 0.14921875
0 0.9390625 0.53046875 0.07890625 0.16484375
0 0.56796875 0.20703125 0.04453125 0.08671875
1 0.7 0.43046875 0.09140625 0.1015625
1 0.80859375 0.39296875 0.0625 0.125
0 0.09296875 0.50546875 0.05703125 0.221875
0 0.4546875 0.15859375 0.053125 0.10859375
1 0.36328125 0.37890625 0.0890625 0.16953125
0 0.571875 0.14140625 0.059375 0.1015625
1 0.32890625 0.59140625 0.1125 0.16328125
1 0.38984375 0.18359375 0.0390625 0.0953125
1 0.48359375 0.378125 0.084375 0.13671875
1 0.6125 0.41171875 0.0671875 0.14609375
1 0.2375 0.39140625 0.0796875 0.18125
1 0.73125 0.23046875 0.06171875 0.109375
0 0.63125 0.14921875 0.04609375 0.0859375
1 0.8390625 0.29921875 0.053125 0.09140625
0 0.88125 0.39140625 0.05078125 0.11484375
0 0.3203125 0.16640625 0.05 0.13125
1 0.7828125 0.29375 0.0609375 0.109375
