0 0.77421875 0.290625 0.04453125 0.10859375
0 0.93671875 0.528125 0.07578125 0.15546875
0 0.23515625 0.38828125 0.07734375 0.1640625
1 0.5734375 0.15078125 0.05078125 0.0796875
0 0.48828125 0.53359375 0.1 0.2140625
1 0.7 0.43828125 0.07734375 0.10625
0 0.48828125 0.353125 0.06953125 0.1515625
0 0.1890625 0.56171875 0.09453125 0.14296875
1 0.61328125 0.41640625 0.07421875 0.09609375
1 0.65 0.20390625 0.05859375 0.096875
0 0.31484375 0.153125 0.04921875 0.1015625
0 0.36328125 0.35859375 0.0765625 0.15078125
0 0.56171875 0.19296875 0.03984375 0.0953125
0 0.39453125 0.16796875 0.0375 0.08203125
1 0.79921875 0.23125 0.04296875 0.0765625
0 0.32578125 0.54453125 0.10703125 0.175
0 0.084375 0.503125 0.07109375 0.22421875
1 0.80703125 0.37265625 0.05703125 0.1546875
0 0.86796875 0.41015625 0.04453125 0.2109375
0 0.45390625 0.15625 0.05234375 0.1234375
1 0.840625 0.30625 0.04140625 0.084375
0 0.6203125 0.16015625 0.04453125 0.07421875
0 0.7328125 0.21796875 0.04765625 0.0859375
0 0.38125 0.24765625 0.0609375 0.1140625
