1 0.84296875 0.2984375 0.05390625 0.0953125
1 0.81875 0.39921875 0.05859375 0.15
1 0.796875 0.21875 0.04140625 0.0734375
1 0.7765625 0.28046875 0.05 0.1015625
1 0.73203125 0.21171875 0.046875 0.096875
0 0.7109375 0.15546875 0.0515625 0.0828125
0 0.69140625 0.39765625 0.06328125 0.11875
1 0.65234375 0.21015625 0.0546875 0.11171875
1 0.61875 0.40703125 0.06640625 0.16328125
1 0.6296875 0.1375 0.04140625 0.10625
0 0.571875 0.20078125 0.0640625 0.08046875
1 0.5828125 0.27109375 0.065625 0.1296875
0 0.5734375 0.1328125 0.05390625 0.1
1 0.47578125 0.27734375 0.08046875 0.1046875
1 0.45546875 0.14765625 0.0453125 0.10625
1 0.39453125 0.165625 0.0671875 0.10078125
1 0.37734375 0.259375 0.06328125 0.13671875
1 0.26875 0.284375 0.0640625 0.13125
1 0.3140625 0.140625 0.0578125 0.11328125
1 0.2953125 0.20390625 0.0625 0.09921875
1 0.18515625 0.265625 0.06796875 0.121875
0 0.25546875 0.153125 0.04765625 0.1125
1 0.2140625 0.21015625 0.0484375 0.09609375
