0 0.84296875 0.2984375 0.05390625 0.0953125
1 0.80390625 0.3828125 0.0765625 0.1609375
0 0.79375 0.21328125 0.04140625 0.08203125
0 0.7765625 0.28046875 0.05 0.1015625
0 0.69765625 0.40625 0.06328125 0.11875
1 0.73203125 0.21171875 0.046875 0.096875
1 0.7109375 0.15546875 0.0515625 0.0828125
1 0.64609375 0.2046875 0.0546875 0.11171875
0 0.62890625 0.41015625 0.06640625 0.16328125
0 0.6265625 0.1390625 0.04140625 0.10625
1 0.5828125 0.278125 0.065625 0.1296875
1 0.56640625 0.128125 0.05390625 0.1
0 0.56171875 0.1875 0.0640625 0.08046875
1 0.2953125 0.20859375 0.0625 0.09921875
1 0.478125 0.26796875 0.071875 0.14296875
0 0.44921875 0.1515625 0.06328125 0.11640625
0 0.4015625 0.1640625 0.0640625 0.13359375
1 0.271875 0.29609375 0.0640625 0.13125
0 0.38046875 0.265625 0.06328125 0.13671875
1 0.2140625 0.21015625 0.0484375 0.09609375
1 0.18359375 0.27265625 0.06796875 0.121875
1 0.3140625 0.140625 0.0578125 0.11328125
0 0.25078125 0.14765625 0.04765625 0.1125
