1 0.84296875 0.2984375 0.05390625 0.0953125
1 0.80625 0.3671875 0.05859375 0.15
1 0.7015625 0.42421875 0.0671875 0.13828125
1 0.796875 0.21875 0.04140625 0.0734375
1 0.77578125 0.2875 0.05234375 0.10078125
1 0.709375 0.14140625 0.0515625 0.0828125
1 0.72578125 0.2125 0.046875 0.096875
1 0.6484375 0.20625 0.0546875 0.11171875
0 0.61953125 0.40859375 0.06640625 0.16328125
1 0.6234375 0.1375 0.04140625 0.10625
1 0.5828125 0.27109375 0.065625 0.1296875
0 0.5671875 0.196875 0.05078125 0.11171875
0 0.56953125 0.14140625 0.04765625 0.1
0 0.47734375 0.2671875 0.0828125 0.1390625
1 0.45546875 0.14765625 0.0453125 0.10625
1 0.3984375 0.16484375 0.059375 0.13125
1 0.3765625 0.24765625 0.06328125 0.13671875
1 0.18984375 0.275 0.06796875 0.121875
1 0.2625 0.28125 0.0640625 0.13125
0 0.29921875 0.20546875 0.05390625 0.10703125
1 0.3140625 0.140625 0.0578125 0.11328125
1 0.21796875 0.18984375 0.0484375 0.09609375
0 0.25546875 0.153125 0.04765625 0.1125
