0 0.84296875 0.2984375 0.05390625 0.0953125
0 0.7765625 0.28046875 0.05 0.1015625
1 0.80546875 0.3578125 0.05859375 0.15
1 0.796875 0.21875 0.04140625 0.0734375
1 0.7109375 0.15546875 0.0515625 0.0828125
1 0.6296875 0.1375 0.04140625 0.10625
1 0.72734375 0.22265625 0.046875 0.096875
1 0.70234375 0.40859375 0.06328125 0.11875
1 0.65234375 0.21015625 0.0546875 0.11171875
1 0.61953125 0.40859375 0.06640625 0.16328125
1 0.5828125 0.27109375 0.065625 0.1296875
0 0.56640625 0.128125 0.05390625 0.1
0 0.56015625 0.21484375 0.0640625 0.08046875
0 0.47265625 0.24765625 0.08046875 0.1046875
1 0.45546875 0.14765625 0.0453125 0.10625
1 0.26875 0.284375 0.0640625 0.13125
0 0.39375 0.17109375 0.06875 0.12421875
1 0.37734375 0.27265625 0.06328125 0.13671875
1 0.18515625 0.265625 0.06796875 0.121875
1 0.3140625 0.140625 0.0578125 0.11328125
1 0.2140625 0.21015625 0.0484375 0.09609375
0 0.29765625 0.1828125 0.0625 0.09921875
0 0.25546875 0.153125 0.04765625 0.1125
