0 0.84296875 0.2984375 0.05390625 0.0953125
0 0.7890625 0.21015625 0.05546875 0.08984375
0 0.8015625 0.3640625 0.06015625 0.15546875
0 0.7765625 0.28046875 0.05 0.1015625
1 0.73203125 0.21171875 0.046875 0.096875
1 0.7109375 0.15546875 0.0515625 0.0828125
0 0.6875 0.39140625 0.06328125 0.11875
1 0.64609375 0.2046875 0.0546875 0.11171875
0 0.62265625 0.40703125 0.06640625 0.16328125
1 0.6265625 0.1390625 0.04140625 0.10625
1 0.56640625 0.128125 0.05390625 0.1
1 0.5828125 0.278125 0.065625 0.1296875
1 0.56953125 0.18359375 0.0484375 0.08828125
0 0.478125 0.26796875 0.071875 0.14296875
0 0.45078125 0.1359375 0.06015625 0.11328125
1 0.39296875 0.16484375 0.0640625 0.13359375
0 0.38046875 0.265625 0.06328125 0.13671875
1 0.31484375 0.14375 0.05 0.12109375
1 0.27109375 0.2796875 0.0640625 0.13125
1 0.29765625 0.20625 0.05703125 0.09453125
1 0.18359375 0.27265625 0.06796875 0.121875
0 0.2140625 0.21015625 0.0484375 0.09609375
0 0.25078125 0.14765625 0.04765625 0.1125
