0 0.18515625 0.265625 0.06796875 0.121875
1 0.21640625 0.190625 0.0484375 0.09609375
1 0.25546875 0.153125 0.04765625 0.1125
1 0.26875 0.284375 0.0640625 0.13125
1 0.29765625 0.20625 0.06171875 0.078125
1 0.3140625 0.140625 0.0578125 0.11328125
1 0.37734375 0.27265625 0.06328125 0.13671875
1 0.3984375 0.16484375 0.059375 0.13125
1 0.62421875 0.1515625 0.046875 0.07734375
1 0.4484375 0.1375 0.0453125 0.10625
1 0.56796875 0.1484375 0.05078125 0.08515625
1 0.7109375 0.15546875 0.0515625 0.0828125
0 0.56484375 0.19765625 0.05078125 0.11171875
1 0.6484375 0.20625 0.0546875 0.11171875
1 0.73125 0.21640625 0.046875 0.096875
1 0.47734375 0.2671875 0.0828125 0.1390625
1 0.796875 0.21875 0.04140625 0.0734375
1 0.5828125 0.27109375 0.065625 0.1296875
1 0.775 0.27890625 0.05546875 0.11875
1 0.84453125 0.3109375 0.05234375 0.0703125
0 0.61953125 0.40859375 0.06640625 0.16328125
1 0.8171875 0.39609375 0.05859375 0.15
0 0.690625 0.403125 0.0671875 0.13828125
