1 0.796875 0.21875 0.04140625 0.0734375
0 0.8 0.36328125 0.05859375 0.15
1 0.70234375 0.4125 0.06328125 0.11875
0 0.7765625 0.28046875 0.05 0.1015625
0 0.71953125 0.20546875 0.046875 0.096875
1 0.6265625 0.1390625 0.04140625 0.10625
0 0.7109375 0.15546875 0.0515625 0.0828125
1 0.65234375 0.21015625 0.0546875 0.11171875
1 0.57421875 0.13359375 0.05390625 0.1
1 0.62890625 0.41015625 0.06640625 0.16328125
1 0.5828125 0.27109375 0.065625 0.1296875
0 0.56015625 0.20703125 0.0640625 0.08046875
0 0.47265625 0.25859375 0.08046875 0.1046875
1 0.45546875 0.14765625 0.0453125 0.10625
1 0.39375 0.18046875 0.0671875 0.10078125
1 0.37734375 0.27265625 0.06328125 0.13671875
1 0.26875 0.284375 0.0640625 0.13125
1 0.18515625 0.265625 0.06796875 0.121875
1 0.3140625 0.140625 0.0578125 0.11328125
1 0.29296875 0.19296875 0.0625 0.09921875
1 0.2140625 0.21015625 0.0484375 0.09609375
1 0.25546875 0.153125 0.04765625 0.1125
0 0.846875 0.30546875 0.06171875 0.109375
