1 0.953125 0.5375 0.05390625 0.165625
1 0.89453125 0.39921875 0.06171875 0.1296875
1 0.87421875 0.54296875 0.065625 0.17265625
1 0.821875 0.3921875 0.0734375 0.14921875
1 0.77421875 0.553125 0.08515625 0.1890625
1 0.71953125 0.40703125 0.08515625 0.1453125
1 0.61953125 0.39921875 0.08359375 0.16328125
1 0.59453125 0.28515625 0.0921875 0.11484375
1 0.18046875 0.5765625 0.07890625 0.14609375
1 0.3296875 0.54765625 0.0859375 0.19140625
1 0.4734375 0.37578125 0.075 0.1578125
1 0.0640625 0.53515625 0.0796875 0.1703125
1 0.3703125 0.2453125 0.0796875 0.146875
1 0.3609375 0.3796875 0.0734375 0.165625
1 0.26171875 0.26015625 0.05703125 0.16171875
1 0.23515625 0.396875 0.0796875 0.14921875
1 0.11953125 0.40625 0.07265625 0.1125
1 0.1734375 0.27890625 0.0640625 0.1328125
