0 0.9453125 0.4984375 0.0859375 0.17578125
1 0.8875 0.38203125 0.06640625 0.16328125
1 0.86796875 0.534375 0.0734375 0.19375
0 0.8203125 0.38046875 0.0703125 0.1609375
1 0.76953125 0.5234375 0.0921875 0.20234375
1 0.71484375 0.40625 0.08046875 0.15859375
1 0.62109375 0.38984375 0.08828125 0.18359375
1 0.48515625 0.571875 0.1046875 0.19296875
1 0.5984375 0.2765625 0.08125 0.121875
1 0.184375 0.553125 0.07734375 0.1515625
1 0.353125 0.5421875 0.090625 0.17890625
1 0.0703125 0.5328125 0.0953125 0.1796875
1 0.478125 0.390625 0.07890625 0.18984375
1 0.38984375 0.17890625 0.0703125 0.10625
1 0.37734375 0.27265625 0.09453125 0.12890625
1 0.359375 0.38046875 0.084375 0.15234375
1 0.27109375 0.26640625 0.06953125 0.16640625
1 0.2296875 0.396875 0.0765625 0.17734375
1 0.16640625 0.2890625 0.06796875 0.11328125
1 0.1234375 0.38671875 0.07265625 0.17421875
