1 0.121875 0.3953125 0.0703125 0.15234375
1 0.7671875 0.54609375 0.08515625 0.1890625
0 0.88125 0.5421875 0.0796875 0.17109375
1 0.89453125 0.39609375 0.06171875 0.1296875
1 0.821875 0.3921875 0.0734375 0.14921875
1 0.61953125 0.39921875 0.08359375 0.16328125
1 0.3734375 0.2453125 0.0796875 0.146875
1 0.59453125 0.28515625 0.0921875 0.11484375
1 0.065625 0.52734375 0.0796875 0.1703125
1 0.1859375 0.571875 0.090625 0.2140625
1 0.71953125 0.40703125 0.08515625 0.1453125
1 0.4890625 0.56953125 0.134375 0.17890625
1 0.26171875 0.26015625 0.05703125 0.16171875
1 0.95625 0.534375 0.05390625 0.165625
1 0.23515625 0.396875 0.0796875 0.14921875
1 0.34375 0.52890625 0.10078125 0.17890625
1 0.4734375 0.37578125 0.075 0.1578125
1 0.1625 0.2984375 0.0640625 0.1328125
1 0.3609375 0.3796875 0.0734375 0.165625
