0 0.9390625 0.4859375 0.0796875 0.19375
1 0.49296875 0.575 0.121875 0.1984375
1 0.8875 0.38203125 0.06640625 0.16328125
1 0.8765625 0.54609375 0.07109375 0.1453125
1 0.184375 0.553125 0.07734375 0.1515625
1 0.34609375 0.5421875 0.090625 0.17890625
0 0.06953125 0.5328125 0.0953125 0.1796875
1 0.76953125 0.5234375 0.0921875 0.20234375
1 0.82890625 0.38671875 0.0703125 0.1609375
1 0.71484375 0.40625 0.08046875 0.15859375
1 0.2296875 0.396875 0.0765625 0.17734375
0 0.478125 0.38203125 0.07890625 0.20703125
1 0.1265625 0.4140625 0.0578125 0.12734375
1 0.62109375 0.38359375 0.08828125 0.18359375
1 0.353125 0.38359375 0.07265625 0.15859375
1 0.5984375 0.265625 0.08125 0.121875
1 0.16640625 0.2890625 0.06796875 0.11328125
1 0.278125 0.27421875 0.06015625 0.15703125
0 0.38515625 0.26875 0.0671875 0.1125
1 0.38984375 0.17890625 0.0703125 0.10625
