1 0.38984375 0.17890625 0.0703125 0.10625
1 0.0703125 0.5328125 0.0953125 0.1796875
0 0.27109375 0.26640625 0.06953125 0.16640625
1 0.37734375 0.27265625 0.09453125 0.12890625
1 0.11796875 0.39765625 0.0875 0.19375
1 0.16640625 0.2890625 0.06796875 0.11328125
1 0.59765625 0.28203125 0.09296875 0.11796875
1 0.18359375 0.56953125 0.09375 0.1859375
1 0.359375 0.38046875 0.084375 0.15234375
1 0.478125 0.390625 0.07890625 0.18984375
1 0.809375 0.38359375 0.0859375 0.19765625
1 0.2296875 0.396875 0.0765625 0.17734375
1 0.71484375 0.40625 0.08046875 0.15859375
0 0.8875 0.38203125 0.06640625 0.16328125
0 0.6203125 0.40078125 0.0890625 0.1484375
0 0.94375 0.49765625 0.08984375 0.21640625
1 0.76953125 0.5234375 0.0921875 0.20234375
1 0.353125 0.5421875 0.090625 0.17890625
1 0.86875 0.534375 0.0734375 0.19375
1 0.48359375 0.5578125 0.1046875 0.19296875
