1 0.3828125 0.1828125 0.078125 0.10546875
1 0.0671875 0.52734375 0.0796875 0.1703125
1 0.2671875 0.271875 0.05703125 0.16171875
1 0.17421875 0.296875 0.0640625 0.1328125
1 0.13203125 0.3921875 0.07890625 0.17421875
1 0.378125 0.271875 0.06953125 0.09453125
1 0.59453125 0.28515625 0.0921875 0.11484375
1 0.1796875 0.559375 0.090625 0.2140625
1 0.23203125 0.40078125 0.07265625 0.16953125
1 0.4734375 0.37578125 0.075 0.1578125
1 0.3609375 0.3796875 0.0734375 0.165625
1 0.88671875 0.38046875 0.059375 0.1421875
1 0.61953125 0.39921875 0.08359375 0.16328125
0 0.821875 0.3921875 0.0734375 0.14921875
1 0.34375 0.52890625 0.10078125 0.17890625
1 0.71953125 0.40703125 0.08515625 0.1453125
0 0.9484375 0.4921875 0.065625 0.20546875
1 0.48203125 0.54375 0.109375 0.2328125
1 0.77109375 0.54453125 0.08515625 0.1890625
1 0.88125 0.5421875 0.0796875 0.17109375
