0 0.9453125 0.4984375 0.0859375 0.17578125
1 0.8875 0.38203125 0.06640625 0.16328125
0 0.84921875 0.52890625 0.1109375 0.203125
0 0.82421875 0.39921875 0.0796875 0.1859375
1 0.76953125 0.5234375 0.0921875 0.20234375
1 0.71484375 0.40625 0.08046875 0.15859375
1 0.62109375 0.403125 0.08828125 0.14375
1 0.48515625 0.571875 0.1046875 0.19296875
1 0.5984375 0.2765625 0.08125 0.121875
0 0.17890625 0.56796875 0.0890625 0.21484375
1 0.353125 0.5421875 0.090625 0.17890625
0 0.0703125 0.5328125 0.0953125 0.1796875
1 0.478125 0.390625 0.07890625 0.18984375
1 0.38984375 0.17890625 0.0703125 0.10625
1 0.37734375 0.27265625 0.09453125 0.12890625
1 0.359375 0.38046875 0.084375 0.15234375
1 0.27109375 0.26640625 0.06953125 0.16640625
1 0.2296875 0.396875 0.0765625 0.17734375
1 0.16640625 0.2890625 0.06796875 0.11328125
0 0.13125 0.384375 0.08828125 0.1703125
