0 0.95546875 0.4890625 0.08359375 0.20546875
1 0.890625 0.3875 0.05546875 0.15
0 0.8765625 0.54609375 0.07109375 0.1453125
1 0.8171875 0.37421875 0.09375 0.1859375
0 0.76953125 0.5234375 0.0921875 0.20234375
1 0.71484375 0.40625 0.08046875 0.15859375
1 0.49296875 0.575 0.121875 0.1984375
1 0.17890625 0.54921875 0.0921875 0.1578125
0 0.621875 0.39296875 0.08671875 0.16328125
1 0.0640625 0.53515625 0.0953125 0.1796875
1 0.33828125 0.53203125 0.090625 0.17890625
1 0.5984375 0.265625 0.08125 0.121875
1 0.478125 0.38203125 0.07890625 0.20703125
1 0.3578125 0.3703125 0.075 0.17890625
0 0.121875 0.3921875 0.08671875 0.17109375
0 0.3859375 0.1671875 0.0609375 0.11171875
0 0.37265625 0.26015625 0.0671875 0.1125
0 0.240625 0.35546875 0.0765625 0.17734375
1 0.26171875 0.26640625 0.06015625 0.15703125
1 0.16640625 0.2890625 0.06796875 0.11328125
