1 0.0640625 0.53515625 0.0953125 0.1796875
1 0.184375 0.553125 0.07734375 0.1515625
1 0.33828125 0.53203125 0.090625 0.17890625
1 0.76171875 0.54140625 0.08359375 0.1921875
1 0.8765625 0.54609375 0.07109375 0.1453125
1 0.94921875 0.53125 0.06484375 0.1625
1 0.89453125 0.38984375 0.04609375 0.1484375
1 0.81796875 0.39453125 0.07265625 0.1484375
0 0.71484375 0.40625 0.08046875 0.15859375
1 0.625 0.41640625 0.090625 0.15078125
1 0.478125 0.38203125 0.07890625 0.20703125
1 0.35703125 0.396875 0.07265625 0.15859375
1 0.2296875 0.396875 0.0765625 0.17734375
1 0.1265625 0.4140625 0.0578125 0.12734375
1 0.16640625 0.2890625 0.06796875 0.11328125
1 0.26171875 0.26640625 0.06015625 0.15703125
1 0.37421875 0.271875 0.0671875 0.1125
1 0.59453125 0.2921875 0.084375 0.10078125
