1 0.94609375 0.53984375 0.0890625 0.12421875
1 0.37734375 0.25625 0.07734375 0.13125
1 0.8890625 0.39375 0.0828125 0.128125
1 0.3578125 0.39375 0.10390625 0.184375
1 0.7953125 0.23046875 0.05625 0.08046875
1 0.84375 0.30625 0.059375 0.08359375
1 0.39140625 0.184375 0.07265625 0.08984375
1 0.8078125 0.3765625 0.06328125 0.140625
1 0.4953125 0.5296875 0.11796875 0.2109375
0 0.33984375 0.56796875 0.11171875 0.18125
1 0.7296875 0.2109375 0.05625 0.09609375
0 0.08125 0.48671875 0.10078125 0.23046875
0 0.68359375 0.42109375 0.0828125 0.1453125
1 0.64765625 0.146875 0.04765625 0.06953125
1 0.6515625 0.21171875 0.06328125 0.12109375
1 0.61484375 0.40546875 0.07265625 0.1328125
0 0.58203125 0.14296875 0.053125 0.1078125
1 0.190625 0.58359375 0.11640625 0.14296875
1 0.46875 0.38046875 0.109375 0.1484375
1 0.4546875 0.1578125 0.0625 0.128125
0 0.240625 0.40390625 0.09140625 0.22265625
1 0.32109375 0.14296875 0.0609375 0.1546875
