1 0.95234375 0.5421875 0.08046875 0.15234375
1 0.88984375 0.3953125 0.08359375 0.18671875
1 0.8390625 0.2921875 0.06171875 0.14921875
1 0.81640625 0.38671875 0.0828125 0.1859375
1 0.79921875 0.2296875 0.05625 0.121875
1 0.70546875 0.4359375 0.0765625 0.11796875
1 0.7328125 0.2203125 0.0515625 0.13515625
1 0.61640625 0.41796875 0.09140625 0.1546875
1 0.578125 0.22109375 0.071875 0.140625
1 0.65 0.21015625 0.05625 0.128125
1 0.18984375 0.57734375 0.0828125 0.18828125
0 0.3171875 0.58125 0.1046875 0.23515625
1 0.628125 0.1421875 0.03984375 0.13125
1 0.57109375 0.096875 0.046875 0.11171875
0 0.4921875 0.525 0.10078125 0.2453125
0 0.475 0.3765625 0.08671875 0.146875
1 0.06953125 0.48828125 0.09296875 0.17734375
1 0.45390625 0.17109375 0.065625 0.171875
0 0.23203125 0.415625 0.0796875 0.16875
0 0.37890625 0.271875 0.07421875 0.140625
0 0.36171875 0.38828125 0.0796875 0.17421875
1 0.31796875 0.14609375 0.046875 0.10546875
