1 0.94765625 0.53515625 0.0890625 0.12421875
1 0.8921875 0.39375 0.0828125 0.128125
1 0.84375 0.30625 0.059375 0.08359375
1 0.8078125 0.3765625 0.06328125 0.140625
1 0.7953125 0.23046875 0.05625 0.08046875
1 0.7484375 0.1484375 0.04765625 0.09140625
1 0.72890625 0.221875 0.05390625 0.11171875
1 0.6984375 0.4296875 0.0828125 0.1453125
1 0.65234375 0.21171875 0.06328125 0.12109375
1 0.19375 0.55234375 0.0953125 0.228125
1 0.4875 0.528125 0.11796875 0.2109375
1 0.63125 0.128125 0.0484375 0.10703125
0 0.61484375 0.40546875 0.07265625 0.1328125
1 0.33515625 0.55078125 0.11171875 0.18125
0 0.07890625 0.521875 0.10078125 0.23046875
1 0.571875 0.109375 0.053125 0.1078125
0 0.57265625 0.2046875 0.0609375 0.10234375
1 0.48359375 0.37734375 0.109375 0.1484375
1 0.45625 0.15703125 0.05859375 0.10859375
1 0.22890625 0.40234375 0.09140625 0.22265625
1 0.37578125 0.24375 0.0734375 0.11015625
1 0.35859375 0.375 0.10390625 0.184375
0 0.32109375 0.14296875 0.0609375 0.1546875
