1 0.94453125 0.52890625 0.0890625 0.12421875
1 0.8921875 0.39375 0.0828125 0.128125
1 0.84375 0.30625 0.059375 0.08359375
1 0.8078125 0.3765625 0.06328125 0.140625
1 0.7953125 0.23046875 0.05625 0.08046875
1 0.7328125 0.2296875 0.04609375 0.07578125
1 0.6984375 0.4296875 0.0828125 0.1453125
1 0.6515625 0.21171875 0.06328125 0.12109375
0 0.63125 0.128125 0.0484375 0.10703125
1 0.340625 0.56640625 0.11171875 0.18125
1 0.61484375 0.40546875 0.07265625 0.1328125
1 0.56875 0.1015625 0.053125 0.1078125
0 0.078125 0.521875 0.10078125 0.23046875
0 0.1828125 0.559375 0.11640625 0.14296875
1 0.57265625 0.2078125 0.0609375 0.10234375
1 0.49375 0.50859375 0.11796875 0.2109375
1 0.46875 0.36015625 0.109375 0.1484375
1 0.240625 0.40390625 0.09140625 0.22265625
1 0.45546875 0.15625 0.0625 0.128125
1 0.3578125 0.39375 0.10390625 0.184375
1 0.37734375 0.25625 0.07734375 0.13125
0 0.32109375 0.14296875 0.0609375 0.1546875
1 0.74140625 0.17109375 0.04765625 0.07265625
