1 0.94453125 0.53515625 0.09296875 0.1328125
1 0.88671875 0.39140625 0.06796875 0.15703125
1 0.8390625 0.303125 0.065625 0.09609375
0 0.8109375 0.37421875 0.075 0.14921875
1 0.79609375 0.23203125 0.05546875 0.08359375
1 0.7515625 0.16796875 0.04765625 0.07578125
0 0.7296875 0.2234375 0.059375 0.09296875
1 0.7 0.4453125 0.11796875 0.1390625
1 0.653125 0.2125 0.0609375 0.09921875
1 0.61015625 0.40078125 0.090625 0.1234375
0 0.6296875 0.1578125 0.05625 0.07265625
1 0.56796875 0.109375 0.053125 0.134375
0 0.56640625 0.2015625 0.06484375 0.11953125
1 0.4859375 0.5109375 0.10390625 0.14453125
1 0.478125 0.40390625 0.1140625 0.12109375
0 0.18671875 0.578125 0.12421875 0.1828125
1 0.33984375 0.5828125 0.1390625 0.20625
1 0.44765625 0.16875 0.071875 0.1515625
1 0.3796875 0.25234375 0.065625 0.11484375
0 0.36484375 0.38359375 0.1 0.17734375
0 0.06484375 0.5328125 0.09375 0.1984375
1 0.32109375 0.14453125 0.053125 0.1390625
0 0.20703125 0.39453125 0.07421875 0.15390625
