1 0.06015625 0.509375 0.0859375 0.23125
1 0.56796875 0.109375 0.053125 0.134375
0 0.32109375 0.14453125 0.053125 0.1390625
0 0.196875 0.55625 0.09140625 0.22265625
1 0.44765625 0.16875 0.071875 0.1515625
1 0.6296875 0.14765625 0.05703125 0.09296875
1 0.7515625 0.16796875 0.04765625 0.07578125
1 0.2390625 0.38984375 0.07421875 0.15390625
1 0.33203125 0.58046875 0.1234375 0.2
0 0.57265625 0.2171875 0.06484375 0.11953125
1 0.653125 0.2125 0.0609375 0.09921875
1 0.7296875 0.2234375 0.059375 0.09296875
1 0.3796875 0.25234375 0.065625 0.11484375
1 0.79609375 0.23203125 0.05546875 0.08359375
1 0.36484375 0.38359375 0.1 0.17734375
1 0.8390625 0.303125 0.065625 0.09609375
1 0.471875 0.37734375 0.1140625 0.12109375
1 0.8109375 0.37421875 0.075 0.14921875
1 0.88671875 0.39140625 0.06796875 0.15703125
1 0.61015625 0.40078125 0.090625 0.1234375
1 0.4890625 0.55546875 0.1078125 0.234375
1 0.7 0.4453125 0.11796875 0.1390625
1 0.94453125 0.53515625 0.09296875 0.1328125
