0 0.61328125 0.415625 0.06953125 0.153125
1 0.8125 0.3890625 0.0609375 0.12578125
0 0.49375 0.48828125 0.08359375 0.19921875
0 0.5765625 0.25546875 0.05703125 0.13359375
1 0.37578125 0.2609375 0.0640625 0.1359375
1 0.88046875 0.38671875 0.05859375 0.10546875
1 0.6984375 0.15390625 0.04140625 0.06953125
0 0.69609375 0.41171875 0.071875 0.140625
1 0.2734375 0.28046875 0.0671875 0.13515625
1 0.22265625 0.20703125 0.05390625 0.10703125
0 0.63203125 0.1484375 0.04140625 0.1109375
1 0.4703125 0.2609375 0.0625 0.103125
1 0.93828125 0.5140625 0.06015625 0.14296875
1 0.1796875 0.353125 0.06953125 0.2
1 0.75625 0.290625 0.04296875 0.14140625
0 0.72421875 0.2078125 0.04296875 0.09140625
1 0.446875 0.15625 0.0546875 0.10625
1 0.315625 0.165625 0.06875 0.10546875
1 0.64375 0.196875 0.05546875 0.1203125
1 0.85234375 0.3125 0.06328125 0.078125
1 0.89140625 0.57734375 0.10078125 0.159375
