0 0.27421875 0.27890625 0.0671875 0.13203125
1 0.88125 0.39609375 0.06015625 0.09296875
0 0.3765625 0.265625 0.065625 0.13046875
1 0.84453125 0.3234375 0.06640625 0.05703125
1 0.46953125 0.25703125 0.0609375 0.1109375
1 0.6125 0.41640625 0.08125 0.1515625
0 0.2296875 0.19921875 0.04453125 0.096875
1 0.64921875 0.2265625 0.05703125 0.0859375
1 0.73046875 0.221875 0.05625 0.0859375
1 0.48984375 0.49375 0.07734375 0.19296875
0 0.31484375 0.15390625 0.04296875 0.07890625
1 0.9484375 0.528125 0.05703125 0.15546875
1 0.70078125 0.4359375 0.08671875 0.1046875
1 0.44609375 0.15546875 0.05234375 0.1109375
1 0.17890625 0.3484375 0.0703125 0.19296875
1 0.88125 0.5640625 0.07578125 0.128125
1 0.63046875 0.13046875 0.05859375 0.1265625
1 0.69140625 0.1453125 0.04765625 0.09140625
1 0.57890625 0.28515625 0.0890625 0.11171875
0 0.7703125 0.28046875 0.065625 0.09296875
0 0.81328125 0.38125 0.059375 0.13203125
