1 0.27421875 0.27890625 0.0671875 0.1359375
1 0.8125 0.39453125 0.0609375 0.1234375
0 0.47265625 0.26640625 0.06953125 0.1109375
0 0.7046875 0.421875 0.07734375 0.1359375
1 0.5765625 0.26953125 0.0578125 0.115625
1 0.72734375 0.22578125 0.04609375 0.06640625
1 0.38046875 0.25703125 0.06328125 0.10703125
1 0.88046875 0.3859375 0.06015625 0.1046875
0 0.63046875 0.17890625 0.0484375 0.1359375
1 0.49140625 0.484375 0.08828125 0.2109375
1 0.44453125 0.15625 0.05390625 0.1140625
0 0.75625 0.28359375 0.04453125 0.11953125
1 0.95078125 0.5265625 0.05390625 0.1265625
0 0.69921875 0.15546875 0.04140625 0.071875
1 0.8875 0.58515625 0.08671875 0.11875
0 0.2203125 0.22109375 0.05546875 0.0890625
1 0.61796875 0.41640625 0.07578125 0.16328125
1 0.640625 0.1515625 0.040625 0.0765625
1 0.1765625 0.35390625 0.07421875 0.20859375
1 0.31875 0.1421875 0.0375 0.0953125
1 0.84609375 0.3203125 0.07734375 0.09375
