1 0.88046875 0.38671875 0.0578125 0.10703125
1 0.81484375 0.3890625 0.06640625 0.13359375
1 0.27421875 0.27890625 0.06640625 0.13203125
1 0.7 0.428125 0.07734375 0.13671875
1 0.4703125 0.26171875 0.06328125 0.10390625
1 0.578125 0.25703125 0.05546875 0.13671875
1 0.64140625 0.20390625 0.0515625 0.09375
1 0.94296875 0.5140625 0.0515625 0.140625
0 0.7296875 0.23203125 0.04140625 0.05546875
1 0.6140625 0.41875 0.07578125 0.1515625
1 0.446875 0.15546875 0.05390625 0.1109375
1 0.37578125 0.26328125 0.06328125 0.13203125
0 0.6265625 0.14140625 0.04453125 0.09453125
1 0.8875 0.58515625 0.0859375 0.11875
1 0.49296875 0.49375 0.08515625 0.1890625
1 0.6953125 0.153125 0.0375 0.07421875
1 0.18203125 0.3109375 0.0828125 0.13046875
0 0.2125 0.2109375 0.0796875 0.1203125
1 0.3171875 0.146875 0.05625 0.11796875
1 0.76171875 0.26328125 0.04140625 0.10546875
1 0.85703125 0.3234375 0.0625 0.08671875
