1 0.38125 0.24609375 0.06171875 0.13671875
1 0.8109375 0.390625 0.06171875 0.1234375
1 0.578125 0.26953125 0.06953125 0.1265625
1 0.27421875 0.28125 0.06640625 0.13984375
1 0.88046875 0.38671875 0.06015625 0.10703125
0 0.8828125 0.58359375 0.078125 0.1265625
1 0.94921875 0.528125 0.05859375 0.12578125
1 0.62734375 0.13515625 0.046875 0.10703125
1 0.4453125 0.15859375 0.05546875 0.10625
1 0.7046875 0.4265625 0.08515625 0.12109375
1 0.7015625 0.15859375 0.04140625 0.06171875
1 0.31796875 0.14296875 0.0375 0.096875
1 0.48671875 0.515625 0.08046875 0.21796875
0 0.72578125 0.21640625 0.04453125 0.08125
1 0.4703125 0.26171875 0.06328125 0.10390625
1 0.6109375 0.41171875 0.07734375 0.14609375
0 0.2203125 0.22109375 0.05625 0.09453125
1 0.17890625 0.2875 0.08125 0.103125
0 0.64765625 0.2046875 0.06796875 0.1265625
1 0.75625 0.26640625 0.075 0.1203125
1 0.8453125 0.32109375 0.08125 0.08203125
