1 0.8125 0.39375 0.06171875 0.1203125
1 0.38203125 0.24453125 0.0625 0.13828125
0 0.70390625 0.42578125 0.08359375 0.1296875
1 0.88046875 0.3859375 0.0609375 0.10625
0 0.61640625 0.42890625 0.06640625 0.16171875
1 0.7265625 0.22578125 0.04609375 0.06640625
0 0.57578125 0.26953125 0.05625 0.11015625
0 0.6359375 0.14765625 0.0484375 0.096875
1 0.2734375 0.28046875 0.0671875 0.13671875
0 0.95078125 0.53203125 0.05546875 0.1390625
1 0.4875 0.515625 0.08046875 0.21796875
1 0.46953125 0.26171875 0.06328125 0.11328125
1 0.75546875 0.29140625 0.04296875 0.13671875
1 0.4453125 0.15703125 0.0515625 0.109375
1 0.69921875 0.15859375 0.03984375 0.06171875
0 0.31953125 0.1390625 0.03671875 0.09296875
0 0.22109375 0.22109375 0.05703125 0.090625
1 0.1765625 0.3 0.0671875 0.10546875
0 0.6375 0.196875 0.06875 0.11484375
1 0.85078125 0.31875 0.0671875 0.06796875
1 0.890625 0.58125 0.109375 0.1078125
