1 0.88125 0.39453125 0.05859375 0.09140625
0 0.2296875 0.19609375 0.04453125 0.0984375
1 0.6484375 0.2234375 0.0578125 0.09296875
0 0.37578125 0.2609375 0.06640625 0.14375
0 0.4828125 0.47109375 0.07734375 0.1984375
1 0.84921875 0.32265625 0.05703125 0.05625
1 0.73046875 0.22421875 0.05625 0.096875
1 0.4703125 0.25859375 0.06171875 0.10625
0 0.17734375 0.35078125 0.06484375 0.21640625
0 0.2734375 0.28046875 0.065625 0.13125
1 0.44453125 0.15625 0.05546875 0.10859375
1 0.88671875 0.56875 0.0765625 0.16640625
1 0.6171875 0.41640625 0.07421875 0.15390625
1 0.5796875 0.29375 0.07265625 0.1015625
0 0.315625 0.13828125 0.04140625 0.08828125
1 0.6234375 0.12578125 0.05625 0.1171875
1 0.69609375 0.14375 0.053125 0.084375
1 0.7046875 0.4265625 0.09140625 0.1125
0 0.76953125 0.3015625 0.0671875 0.13984375
0 0.80234375 0.3796875 0.07109375 0.125
1 0.9515625 0.51015625 0.059375 0.1359375
