1 0.84296875 0.32109375 0.06640625 0.059375
0 0.61484375 0.41328125 0.07890625 0.13671875
1 0.88046875 0.39609375 0.05859375 0.10546875
1 0.8125 0.39296875 0.0625 0.11953125
0 0.2734375 0.28203125 0.06953125 0.13125
0 0.5765625 0.2765625 0.06328125 0.10625
1 0.7 0.1609375 0.04453125 0.065625
1 0.4875 0.51640625 0.0875 0.23515625
1 0.21640625 0.22890625 0.05546875 0.06953125
1 0.7265625 0.22421875 0.04921875 0.08984375
1 0.94296875 0.5234375 0.0609375 0.1484375
1 0.63046875 0.15703125 0.0453125 0.06484375
0 0.46953125 0.259375 0.06171875 0.1109375
0 0.4546875 0.16484375 0.05703125 0.10625
1 0.88828125 0.58671875 0.0875 0.11484375
1 0.3765625 0.28359375 0.08203125 0.1046875
1 0.178125 0.35 0.0703125 0.1984375
1 0.31640625 0.17109375 0.05703125 0.115625
1 0.64765625 0.215625 0.05546875 0.12578125
1 0.75859375 0.28359375 0.059375 0.146875
1 0.703125 0.4171875 0.084375 0.13515625
