1 0.38203125 0.24609375 0.06171875 0.13671875
1 0.8109375 0.390625 0.06171875 0.1234375
0 0.8828125 0.58046875 0.07734375 0.1296875
1 0.88046875 0.38671875 0.06015625 0.10703125
0 0.7265625 0.221875 0.04765625 0.075
1 0.27421875 0.28203125 0.06484375 0.14296875
1 0.4453125 0.15859375 0.05546875 0.10625
1 0.94921875 0.52890625 0.06015625 0.1265625
1 0.70546875 0.43046875 0.0828125 0.11875
0 0.64921875 0.20390625 0.05234375 0.1140625
1 0.7015625 0.15859375 0.04140625 0.06171875
1 0.578125 0.26171875 0.0578125 0.121875
1 0.31875 0.14296875 0.0375 0.0953125
1 0.47109375 0.26171875 0.06484375 0.10390625
1 0.48671875 0.515625 0.0796875 0.215625
1 0.75625 0.28203125 0.04453125 0.11875
1 0.17890625 0.353125 0.071875 0.20390625
0 0.22109375 0.221875 0.05703125 0.0953125
1 0.6265625 0.1328125 0.05546875 0.1078125
1 0.8390625 0.30859375 0.08203125 0.08515625
1 0.61796875 0.40703125 0.0890625 0.1328125
