1 0.38203125 0.246875 0.06171875 0.1359375
1 0.81171875 0.3890625 0.0625 0.12578125
1 0.88046875 0.38671875 0.05859375 0.10546875
1 0.27421875 0.28046875 0.06640625 0.1390625
1 0.61171875 0.41328125 0.06953125 0.14140625
1 0.4453125 0.15703125 0.05625 0.10546875
1 0.46953125 0.2609375 0.0609375 0.1046875
1 0.7 0.428125 0.0765625 0.15
1 0.31796875 0.14375 0.03828125 0.0984375
1 0.7015625 0.159375 0.0421875 0.0609375
1 0.6265625 0.13203125 0.04296875 0.09609375
0 0.8828125 0.5859375 0.0796875 0.12109375
1 0.72890625 0.215625 0.04453125 0.07890625
1 0.94765625 0.52421875 0.0546875 0.13046875
1 0.58046875 0.29375 0.07265625 0.11484375
1 0.4875 0.515625 0.08125 0.21953125
1 0.75546875 0.29609375 0.04296875 0.14609375
1 0.1765625 0.3046875 0.065625 0.11875
0 0.2234375 0.221875 0.06953125 0.0828125
0 0.64765625 0.203125 0.07109375 0.1234375
1 0.8484375 0.32890625 0.0671875 0.08828125
