1 0.815625 0.38828125 0.065625 0.1359375
1 0.88046875 0.38671875 0.0578125 0.10546875
0 0.49375 0.4890625 0.08203125 0.1984375
1 0.37578125 0.26484375 0.06328125 0.13203125
1 0.2765625 0.28125 0.06640625 0.13828125
1 0.70078125 0.42421875 0.08046875 0.1359375
1 0.6984375 0.15625 0.03984375 0.06796875
1 0.6421875 0.2015625 0.05 0.10078125
0 0.57734375 0.25390625 0.05703125 0.134375
0 0.6140625 0.415625 0.07421875 0.15078125
1 0.93828125 0.51171875 0.06015625 0.13671875
1 0.1796875 0.3546875 0.06953125 0.2015625
1 0.4703125 0.2609375 0.0625 0.103125
1 0.446875 0.15546875 0.05546875 0.10703125
0 0.225 0.21640625 0.0484375 0.09453125
1 0.31796875 0.15234375 0.04140625 0.075
0 0.64140625 0.13515625 0.0671875 0.1046875
0 0.72734375 0.209375 0.05546875 0.1140625
1 0.75625 0.26171875 0.05703125 0.09296875
1 0.8515625 0.3140625 0.06953125 0.07734375
1 0.8859375 0.578125 0.09453125 0.1515625
