1 0.84296875 0.32109375 0.06484375 0.0609375
1 0.38203125 0.246875 0.06171875 0.1359375
1 0.6109375 0.415625 0.071875 0.15078125
1 0.275 0.28671875 0.06796875 0.11640625
1 0.6484375 0.20625 0.05546875 0.125
1 0.7265625 0.21328125 0.04921875 0.0859375
0 0.47265625 0.2609375 0.06640625 0.10625
1 0.70078125 0.1609375 0.04296875 0.06015625
1 0.5796875 0.29296875 0.07265625 0.115625
1 0.22265625 0.2140625 0.0578125 0.0984375
1 0.4875 0.515625 0.08046875 0.21796875
1 0.95 0.528125 0.05546875 0.1515625
1 0.31796875 0.14453125 0.03828125 0.103125
1 0.4453125 0.15703125 0.05546875 0.10703125
1 0.17578125 0.3109375 0.0859375 0.1359375
1 0.621875 0.1296875 0.05859375 0.10703125
1 0.753125 0.265625 0.06953125 0.0875
1 0.88125 0.365625 0.0703125 0.12890625
1 0.8078125 0.375 0.08515625 0.1625
1 0.70703125 0.421875 0.07734375 0.11796875
1 0.88671875 0.56328125 0.09140625 0.13125
