0 0.37578125 0.265625 0.06328125 0.12890625
0 0.69921875 0.41953125 0.0765625 0.13984375
1 0.88046875 0.38671875 0.0578125 0.10703125
1 0.27421875 0.27890625 0.06640625 0.13828125
1 0.5796875 0.25859375 0.05625 0.134375
1 0.815625 0.390625 0.06796875 0.13203125
1 0.4875 0.50390625 0.09453125 0.2296875
1 0.69609375 0.15625 0.0375 0.06953125
0 0.7265625 0.21796875 0.04609375 0.075
0 0.62890625 0.1390625 0.040625 0.0890625
1 0.8875 0.58515625 0.0859375 0.11875
1 0.46953125 0.26171875 0.0625 0.10390625
1 0.3203125 0.14453125 0.03671875 0.08828125
1 0.446875 0.15390625 0.05625 0.11015625
1 0.61328125 0.41484375 0.07265625 0.15
0 0.64296875 0.20703125 0.05546875 0.1109375
0 0.225 0.21953125 0.04921875 0.09140625
1 0.17734375 0.35390625 0.07265625 0.203125
1 0.76171875 0.26328125 0.05703125 0.11484375
1 0.85390625 0.328125 0.0671875 0.1109375
1 0.9484375 0.509375 0.04765625 0.14765625
