1 0.84296875 0.32109375 0.06796875 0.059375
0 0.27578125 0.28203125 0.06875 0.11484375
1 0.7234375 0.21171875 0.04609375 0.0890625
1 0.70234375 0.41640625 0.084375 0.12421875
1 0.57265625 0.28125 0.06171875 0.11171875
1 0.63125 0.19921875 0.04453125 0.11171875
1 0.46953125 0.2609375 0.0625 0.10859375
1 0.88125 0.39765625 0.05859375 0.09140625
1 0.81328125 0.39375 0.06171875 0.1203125
1 0.69765625 0.15390625 0.04140625 0.06171875
1 0.49375 0.51328125 0.08359375 0.2359375
1 0.61953125 0.41953125 0.08203125 0.1546875
1 0.2171875 0.22890625 0.05546875 0.07109375
1 0.37734375 0.2796875 0.08125 0.11484375
1 0.175 0.2953125 0.084375 0.10546875
1 0.315625 0.16328125 0.0640625 0.09921875
0 0.45078125 0.1609375 0.065625 0.10859375
1 0.628125 0.1359375 0.053125 0.08203125
1 0.75703125 0.26953125 0.0609375 0.1171875
1 0.953125 0.51171875 0.05703125 0.13359375
1 0.88359375 0.590625 0.09765625 0.15390625
