0 0.37734375 0.26328125 0.065625 0.1359375
1 0.9484375 0.52578125 0.05390625 0.15
1 0.61328125 0.415625 0.0796875 0.15078125
1 0.64921875 0.22578125 0.05703125 0.08671875
0 0.2296875 0.19921875 0.04375 0.096875
1 0.88125 0.39609375 0.05859375 0.0890625
1 0.4703125 0.2609375 0.06171875 0.1046875
1 0.4875 0.51171875 0.08203125 0.2203125
1 0.84453125 0.3234375 0.06484375 0.05703125
1 0.73046875 0.21953125 0.05625 0.084375
0 0.3140625 0.153125 0.04140625 0.07421875
0 0.44609375 0.15625 0.05078125 0.1140625
0 0.76484375 0.28671875 0.05390625 0.09453125
0 0.27421875 0.28203125 0.06640625 0.13515625
1 0.69296875 0.15546875 0.03984375 0.06875
1 0.88515625 0.5765625 0.08046875 0.125
1 0.5796875 0.2859375 0.0765625 0.12890625
1 0.17421875 0.2921875 0.05703125 0.09765625
1 0.621875 0.1296875 0.05390625 0.115625
1 0.703125 0.41953125 0.07265625 0.0890625
0 0.809375 0.384375 0.0921875 0.14765625
