1 0.88046875 0.39453125 0.05703125 0.08984375
1 0.38125 0.24609375 0.06171875 0.13515625
1 0.5796875 0.29609375 0.07265625 0.09609375
1 0.6484375 0.22421875 0.05859375 0.08984375
1 0.84453125 0.3234375 0.06640625 0.059375
1 0.76640625 0.290625 0.05546875 0.09375
1 0.31875 0.14609375 0.03828125 0.10390625
1 0.4875 0.5140625 0.08046875 0.21875
1 0.7 0.4359375 0.0875 0.10625
1 0.2765625 0.28359375 0.06640625 0.1140625
0 0.23046875 0.20078125 0.04609375 0.1015625
1 0.61015625 0.40703125 0.0734375 0.140625
1 0.1796875 0.3515625 0.06796875 0.20078125
1 0.8875 0.57109375 0.07734375 0.16328125
1 0.4453125 0.15703125 0.0546875 0.10546875
1 0.7296875 0.21875 0.05703125 0.09296875
0 0.47265625 0.26484375 0.06875 0.109375
1 0.62578125 0.13203125 0.0453125 0.10390625
1 0.703125 0.16015625 0.04921875 0.0984375
0 0.8078125 0.37109375 0.0765625 0.1265625
1 0.9484375 0.5046875 0.065625 0.153125
