0 0.2296875 0.1984375 0.04453125 0.0984375
1 0.3765625 0.2609375 0.06640625 0.1453125
1 0.88046875 0.396875 0.0578125 0.09375
1 0.846875 0.3234375 0.06015625 0.05703125
1 0.64921875 0.22421875 0.05703125 0.09140625
1 0.4703125 0.2609375 0.0625 0.10625
0 0.27265625 0.28046875 0.06640625 0.13125
1 0.61640625 0.41640625 0.0734375 0.1515625
1 0.73046875 0.2234375 0.05546875 0.09296875
1 0.178125 0.346875 0.0671875 0.203125
1 0.4453125 0.15703125 0.0546875 0.10703125
1 0.48671875 0.51171875 0.08125 0.22421875
1 0.58125 0.29453125 0.07578125 0.103125
1 0.88671875 0.56875 0.07890625 0.16875
1 0.6265625 0.13046875 0.0453125 0.1015625
1 0.69453125 0.15625 0.03203125 0.05625
1 0.31875 0.1390625 0.03671875 0.0890625
1 0.703125 0.4328125 0.08359375 0.12109375
0 0.7765625 0.3 0.084375 0.11640625
0 0.8046875 0.38125 0.07265625 0.15625
1 0.94609375 0.49765625 0.06953125 0.1578125
