1 0.38203125 0.24609375 0.06171875 0.13671875
1 0.27421875 0.28125 0.06796875 0.13984375
1 0.81171875 0.390625 0.06171875 0.1234375
0 0.8828125 0.58359375 0.0796875 0.12890625
1 0.728125 0.21640625 0.04453125 0.08125
1 0.88046875 0.3859375 0.05859375 0.103125
1 0.94921875 0.52890625 0.05859375 0.12890625
1 0.61015625 0.40703125 0.078125 0.140625
1 0.70390625 0.1578125 0.04453125 0.06171875
1 0.69375 0.40859375 0.075 0.13984375
1 0.4453125 0.15703125 0.05625 0.10546875
1 0.48671875 0.5140625 0.08046875 0.2203125
0 0.65 0.20390625 0.0546875 0.11953125
1 0.31796875 0.14296875 0.03828125 0.096875
0 0.46953125 0.26171875 0.06171875 0.10546875
1 0.75625 0.29609375 0.04375 0.14453125
0 0.22109375 0.21640625 0.06953125 0.10390625
1 0.1765625 0.290625 0.071875 0.11328125
1 0.628125 0.1265625 0.05 0.0953125
1 0.57890625 0.2703125 0.07890625 0.08203125
1 0.84453125 0.31796875 0.06953125 0.08515625
