1 0.88046875 0.39453125 0.0578125 0.09375
1 0.73046875 0.21796875 0.05390625 0.08203125
1 0.8453125 0.3234375 0.06328125 0.05703125
1 0.6484375 0.2234375 0.05859375 0.090625
1 0.4453125 0.15546875 0.053125 0.1109375
1 0.48984375 0.4890625 0.0765625 0.1984375
1 0.58046875 0.29453125 0.0734375 0.09921875
0 0.37578125 0.2609375 0.06640625 0.14375
0 0.2296875 0.20078125 0.04453125 0.0984375
0 0.76328125 0.278125 0.05390625 0.1015625
0 0.27421875 0.2796875 0.06328125 0.1296875
1 0.4703125 0.25859375 0.06171875 0.10625
1 0.69453125 0.15546875 0.03515625 0.059375
1 0.88671875 0.56953125 0.08046875 0.165625
1 0.31875 0.153125 0.0390625 0.0859375
1 0.615625 0.41640625 0.07578125 0.15390625
1 0.62578125 0.13046875 0.04609375 0.1015625
1 0.17890625 0.3484375 0.06796875 0.2015625
1 0.69453125 0.4234375 0.0828125 0.125
1 0.95546875 0.5078125 0.05703125 0.140625
0 0.8078125 0.3703125 0.07890625 0.134375
