1 0.8125 0.39140625 0.06171875 0.1203125
1 0.38125 0.246875 0.06171875 0.1359375
0 0.8828125 0.57890625 0.07890625 0.13203125
1 0.7265625 0.22109375 0.046875 0.071875
1 0.88046875 0.3859375 0.05859375 0.103125
0 0.5765625 0.2765625 0.05859375 0.096875
0 0.61875 0.43125 0.07109375 0.13828125
1 0.27421875 0.28046875 0.06484375 0.1390625
0 0.63125 0.140625 0.04921875 0.09375
1 0.4453125 0.15859375 0.05546875 0.10625
1 0.7046875 0.43046875 0.08515625 0.11875
1 0.9515625 0.528125 0.05703125 0.12578125
1 0.48671875 0.5140625 0.08046875 0.21875
1 0.46953125 0.26171875 0.06171875 0.10546875
1 0.70078125 0.159375 0.04296875 0.0609375
1 0.64921875 0.20390625 0.0515625 0.11796875
1 0.1796875 0.2984375 0.08359375 0.11171875
0 0.2140625 0.215625 0.06328125 0.11171875
1 0.31484375 0.146875 0.06484375 0.121875
1 0.75234375 0.25234375 0.0515625 0.09296875
1 0.84296875 0.3203125 0.071875 0.08046875
