0 0.2734375 0.28046875 0.06640625 0.13359375
1 0.88046875 0.396875 0.06015625 0.09375
1 0.48984375 0.49296875 0.07734375 0.18984375
1 0.64921875 0.2265625 0.05625 0.0859375
1 0.4703125 0.25625 0.06171875 0.1140625
1 0.44609375 0.15703125 0.05390625 0.11328125
1 0.73125 0.21953125 0.05546875 0.08046875
1 0.37578125 0.26953125 0.06640625 0.12890625
1 0.57890625 0.28671875 0.06796875 0.09609375
1 0.84296875 0.31953125 0.06796875 0.06171875
1 0.88671875 0.54921875 0.08046875 0.1546875
1 0.6171875 0.41796875 0.07109375 0.14921875
0 0.17890625 0.3296875 0.06640625 0.1703125
1 0.7015625 0.43671875 0.08671875 0.10546875
0 0.31484375 0.15390625 0.04296875 0.075
0 0.76484375 0.28359375 0.05078125 0.09375
0 0.69140625 0.15390625 0.03828125 0.06953125
1 0.62578125 0.13125 0.04609375 0.103125
0 0.22890625 0.209375 0.06796875 0.1171875
0 0.81015625 0.37578125 0.0734375 0.13984375
1 0.95 0.51640625 0.0640625 0.1578125
