0 0.27421875 0.28125 0.06640625 0.1359375
1 0.88125 0.39609375 0.05859375 0.09296875
0 0.3765625 0.26640625 0.06640625 0.128125
1 0.48984375 0.49375 0.07734375 0.190625
1 0.846875 0.32265625 0.06171875 0.05859375
0 0.2296875 0.20078125 0.0453125 0.0984375
1 0.46953125 0.25625 0.06171875 0.11015625
1 0.6171875 0.415625 0.07265625 0.15078125
1 0.88125 0.56328125 0.0734375 0.13828125
1 0.64921875 0.2265625 0.05703125 0.0859375
1 0.73046875 0.21953125 0.05546875 0.08203125
1 0.70078125 0.4359375 0.0859375 0.103125
0 0.3140625 0.15546875 0.0421875 0.078125
1 0.44609375 0.15546875 0.053125 0.1109375
1 0.94765625 0.528125 0.05703125 0.15390625
1 0.1796875 0.3484375 0.06796875 0.19296875
1 0.57734375 0.290625 0.07109375 0.10625
0 0.765625 0.28671875 0.04921875 0.09453125
1 0.6265625 0.12734375 0.06015625 0.1203125
0 0.69375 0.153125 0.04453125 0.07890625
0 0.80703125 0.371875 0.06796875 0.128125
