1 0.88046875 0.38671875 0.0578125 0.10703125
1 0.70078125 0.42578125 0.0796875 0.14296875
1 0.46953125 0.25703125 0.06171875 0.11484375
0 0.37578125 0.265625 0.0640625 0.13203125
1 0.640625 0.2015625 0.05078125 0.103125
1 0.815625 0.38828125 0.06640625 0.13828125
0 0.6140625 0.415625 0.07421875 0.15078125
1 0.6953125 0.15390625 0.03671875 0.0734375
1 0.9421875 0.5140625 0.0546875 0.14296875
0 0.72578125 0.20859375 0.04765625 0.0953125
0 0.49375 0.49140625 0.08359375 0.19453125
1 0.578125 0.25703125 0.0546875 0.1390625
1 0.27421875 0.27890625 0.06484375 0.13203125
1 0.88828125 0.5859375 0.0859375 0.11953125
1 0.446875 0.15546875 0.05390625 0.109375
1 0.31875 0.15 0.05625 0.128125
0 0.22109375 0.20859375 0.071875 0.08828125
1 0.17578125 0.2984375 0.07890625 0.10234375
0 0.6328125 0.1421875 0.06484375 0.109375
0 0.759375 0.26171875 0.0546875 0.11171875
1 0.84453125 0.309375 0.0734375 0.06796875
