1 0.70703125 0.440625 0.08984375 0.0859375
0 0.571875 0.27890625 0.05859375 0.11796875
1 0.84296875 0.31953125 0.06796875 0.06171875
0 0.2765625 0.28203125 0.06953125 0.11640625
1 0.7234375 0.21171875 0.04609375 0.0890625
1 0.88125 0.39609375 0.06015625 0.090625
1 0.69921875 0.15625 0.04296875 0.065625
1 0.75625 0.29765625 0.0421875 0.15625
1 0.37578125 0.27421875 0.075 0.125
1 0.49296875 0.51171875 0.0828125 0.23515625
1 0.61640625 0.41875 0.07578125 0.15390625
1 0.2171875 0.23046875 0.05625 0.071875
1 0.1734375 0.29765625 0.0765625 0.0953125
1 0.315625 0.17109375 0.06875 0.1109375
1 0.44921875 0.1640625 0.0703125 0.11015625
1 0.47265625 0.259375 0.06796875 0.10703125
1 0.63359375 0.13203125 0.05078125 0.096875
1 0.63359375 0.20234375 0.0734375 0.11796875
1 0.815625 0.39375 0.08203125 0.14375
1 0.88359375 0.584375 0.09453125 0.16015625
1 0.9515625 0.51640625 0.06953125 0.13359375
