0 0.27421875 0.28125 0.06640625 0.13828125
1 0.88046875 0.39453125 0.05859375 0.09140625
0 0.38203125 0.25546875 0.06328125 0.11328125
1 0.48984375 0.49296875 0.07578125 0.19140625
1 0.8421875 0.31953125 0.06484375 0.0640625
1 0.61796875 0.41875 0.07265625 0.15
1 0.446875 0.15625 0.05390625 0.11171875
1 0.7296875 0.2234375 0.05703125 0.08671875
1 0.5796875 0.28671875 0.06796875 0.09609375
1 0.64921875 0.22421875 0.05859375 0.08828125
0 0.7625 0.28203125 0.05 0.09609375
0 0.88828125 0.565625 0.0796875 0.1734375
1 0.70078125 0.43671875 0.08671875 0.1015625
1 0.3171875 0.153125 0.0421875 0.090625
1 0.17734375 0.3515625 0.071875 0.20625
0 0.228125 0.2 0.06328125 0.12265625
0 0.4734375 0.253125 0.0765625 0.14453125
1 0.62578125 0.13125 0.053125 0.128125
1 0.68984375 0.16015625 0.04140625 0.07421875
0 0.81171875 0.38046875 0.07109375 0.1546875
0 0.9546875 0.51953125 0.04765625 0.16015625
