1 0.84296875 0.32265625 0.06796875 0.06015625
0 0.37578125 0.26640625 0.0640625 0.12578125
1 0.88046875 0.38671875 0.05859375 0.10546875
1 0.81171875 0.39296875 0.06171875 0.1234375
0 0.72578125 0.21328125 0.04609375 0.084375
1 0.48671875 0.50546875 0.09609375 0.2296875
1 0.75625 0.29296875 0.0421875 0.14375
0 0.628125 0.14140625 0.04453125 0.09453125
1 0.46953125 0.2609375 0.06171875 0.10625
1 0.9390625 0.51328125 0.05859375 0.13828125
1 0.27421875 0.27890625 0.06484375 0.134375
1 0.44609375 0.15390625 0.05703125 0.10859375
1 0.5796875 0.25703125 0.05703125 0.1390625
1 0.61640625 0.41953125 0.07890625 0.153125
0 0.225 0.215625 0.0484375 0.08203125
1 0.70234375 0.43359375 0.08125 0.10859375
1 0.31796875 0.14140625 0.03671875 0.09453125
1 0.17890625 0.2984375 0.06796875 0.1078125
0 0.65703125 0.21875 0.0703125 0.10234375
1 0.7 0.15078125 0.040625 0.0796875
1 0.8859375 0.5859375 0.103125 0.14453125
