1 0.38203125 0.24609375 0.06171875 0.13671875
1 0.88046875 0.39453125 0.05703125 0.08984375
1 0.8453125 0.3234375 0.0625 0.05703125
1 0.88515625 0.56953125 0.084375 0.14375
1 0.6484375 0.22265625 0.0578125 0.09375
1 0.5796875 0.29609375 0.07109375 0.1
1 0.6125 0.415625 0.07578125 0.1546875
1 0.27578125 0.28359375 0.0640625 0.11171875
1 0.7296875 0.21796875 0.05546875 0.09140625
1 0.7 0.15625 0.04140625 0.0640625
0 0.2296875 0.19765625 0.0453125 0.10625
1 0.44453125 0.15703125 0.05546875 0.10703125
1 0.4875 0.515625 0.08125 0.21796875
1 0.31796875 0.14296875 0.03828125 0.096875
0 0.77109375 0.29140625 0.06328125 0.08671875
0 0.4734375 0.2609375 0.0671875 0.1046875
1 0.7 0.43359375 0.08671875 0.10625
0 0.809375 0.390625 0.0734375 0.1234375
1 0.62578125 0.13046875 0.0453125 0.1015625
1 0.95078125 0.5265625 0.05234375 0.14921875
1 0.178125 0.29375 0.06484375 0.11171875
