0 0.27421875 0.2859375 0.06953125 0.12109375
1 0.84296875 0.32109375 0.0671875 0.059375
1 0.88046875 0.39375 0.05703125 0.10390625
1 0.7 0.16015625 0.04453125 0.06640625
1 0.4921875 0.51640625 0.08671875 0.23359375
1 0.946875 0.52578125 0.05390625 0.15390625
1 0.72578125 0.21640625 0.04765625 0.08515625
1 0.63046875 0.14140625 0.04296875 0.0890625
1 0.61328125 0.41796875 0.07578125 0.1453125
0 0.5734375 0.278125 0.05859375 0.1
1 0.81328125 0.39375 0.0625 0.11875
1 0.4703125 0.26171875 0.06328125 0.10390625
1 0.8890625 0.5890625 0.08515625 0.11484375
1 0.1765625 0.353125 0.07109375 0.2015625
1 0.21640625 0.23046875 0.05546875 0.0703125
0 0.37734375 0.28203125 0.08203125 0.10703125
1 0.7046875 0.440625 0.08203125 0.096875
1 0.31796875 0.1671875 0.0578125 0.10859375
1 0.4515625 0.15078125 0.06953125 0.11640625
1 0.64296875 0.21875 0.05703125 0.1171875
1 0.75625 0.26796875 0.0484375 0.11484375
