1 0.8421875 0.32109375 0.0671875 0.0609375
1 0.88046875 0.39296875 0.05859375 0.1046875
0 0.5734375 0.28203125 0.059375 0.12421875
1 0.61328125 0.41796875 0.0734375 0.1546875
1 0.7234375 0.21328125 0.04765625 0.0953125
1 0.49296875 0.51640625 0.08671875 0.23359375
1 0.2734375 0.2859375 0.06953125 0.11796875
1 0.69921875 0.15703125 0.04140625 0.06484375
0 0.37578125 0.27890625 0.08359375 0.1140625
1 0.2171875 0.228125 0.05546875 0.06875
1 0.94609375 0.51953125 0.05703125 0.1453125
0 0.63359375 0.14609375 0.053125 0.10390625
0 0.47109375 0.2609375 0.06640625 0.10625
1 0.8890625 0.5890625 0.08671875 0.11328125
1 0.703125 0.41953125 0.08359375 0.11796875
1 0.18203125 0.2890625 0.078125 0.10625
1 0.32265625 0.17265625 0.071875 0.12265625
1 0.44140625 0.16875 0.0734375 0.10625
1 0.62734375 0.1984375 0.06171875 0.0921875
1 0.7546875 0.2546875 0.05546875 0.09765625
1 0.80703125 0.38828125 0.071875 0.13671875
