0 0.2734375 0.28359375 0.06796875 0.12109375
1 0.84296875 0.32109375 0.06640625 0.0609375
1 0.7015625 0.43828125 0.08515625 0.0953125
1 0.72578125 0.22265625 0.04765625 0.08984375
1 0.81328125 0.39140625 0.06015625 0.11875
1 0.6125 0.41875 0.0765625 0.14609375
0 0.57578125 0.27421875 0.0609375 0.096875
1 0.8796875 0.39375 0.06015625 0.1015625
1 0.94453125 0.525 0.0578125 0.15
1 0.6421875 0.19921875 0.053125 0.10625
1 0.4921875 0.51796875 0.0859375 0.234375
1 0.63046875 0.1484375 0.04765625 0.07890625
1 0.70078125 0.16015625 0.04453125 0.0703125
1 0.21640625 0.23046875 0.05546875 0.0703125
1 0.3765625 0.28046875 0.08203125 0.10703125
1 0.75625 0.27578125 0.04375 0.10546875
1 0.44921875 0.15625 0.05703125 0.115625
1 0.175 0.35078125 0.0734375 0.19609375
1 0.8890625 0.58828125 0.08515625 0.11171875
1 0.4703125 0.26171875 0.06171875 0.10390625
1 0.31953125 0.16875 0.0578125 0.10234375
