0 0.37578125 0.26875 0.06640625 0.1203125
1 0.70703125 0.440625 0.08984375 0.08984375
1 0.8109375 0.37265625 0.0515625 0.12421875
1 0.84296875 0.32109375 0.06484375 0.059375
0 0.57734375 0.253125 0.05703125 0.1390625
0 0.27578125 0.28125 0.06796875 0.1234375
1 0.49296875 0.5109375 0.0828125 0.2359375
1 0.6984375 0.15703125 0.04140625 0.06484375
1 0.88046875 0.39140625 0.05859375 0.10390625
1 0.94375 0.51875 0.0546875 0.140625
1 0.17734375 0.353125 0.07109375 0.2015625
1 0.61484375 0.41015625 0.07265625 0.15703125
1 0.446875 0.15546875 0.05546875 0.10703125
0 0.63359375 0.2015625 0.04765625 0.115625
1 0.725 0.2234375 0.04921875 0.11875
1 0.46953125 0.26328125 0.06328125 0.1046875
1 0.225 0.21875 0.0703125 0.14140625
1 0.3171875 0.16640625 0.05 0.10703125
0 0.62890625 0.13515625 0.0578125 0.08984375
1 0.76171875 0.26640625 0.04296875 0.10078125
1 0.88203125 0.58046875 0.08671875 0.1046875
