1 0.70078125 0.41796875 0.08203125 0.13828125
1 0.84296875 0.32109375 0.06796875 0.0609375
0 0.5734375 0.28203125 0.05859375 0.11875
1 0.88046875 0.39296875 0.05703125 0.103125
1 0.7 0.1578125 0.04296875 0.0640625
1 0.6125 0.41640625 0.075 0.15390625
1 0.72578125 0.2140625 0.0484375 0.08671875
1 0.49296875 0.51640625 0.0859375 0.23359375
1 0.4703125 0.26171875 0.06328125 0.10390625
1 0.946875 0.51953125 0.05390625 0.146875
1 0.27421875 0.28671875 0.06953125 0.11875
0 0.45546875 0.165625 0.0546875 0.1109375
1 0.63515625 0.2015625 0.05 0.115625
0 0.63125 0.13671875 0.04375 0.08125
1 0.2171875 0.22890625 0.05546875 0.06953125
1 0.88828125 0.5890625 0.08359375 0.11484375
1 0.75625 0.28046875 0.04296875 0.11640625
1 0.3171875 0.16484375 0.05625 0.11171875
0 0.38125 0.2765625 0.06484375 0.10390625
1 0.8171875 0.3859375 0.0640625 0.12265625
1 0.1765625 0.3015625 0.06015625 0.09921875
