1 0.38125 0.246875 0.06171875 0.1359375
1 0.8515625 0.32265625 0.04921875 0.05625
1 0.7265625 0.215625 0.04765625 0.07890625
1 0.6125 0.41484375 0.075 0.15
1 0.27421875 0.27890625 0.06328125 0.1359375
1 0.70234375 0.4359375 0.0890625 0.10859375
1 0.31796875 0.14453125 0.03828125 0.09921875
1 0.44453125 0.15546875 0.05546875 0.109375
1 0.8796875 0.38203125 0.0578125 0.109375
1 0.7015625 0.159375 0.04375 0.0609375
1 0.75625 0.2921875 0.04296875 0.1390625
1 0.94921875 0.5265625 0.05625 0.146875
1 0.47265625 0.2609375 0.06796875 0.1046875
1 0.22109375 0.21953125 0.05625 0.096875
1 0.17890625 0.35078125 0.071875 0.2
1 0.4875 0.515625 0.08046875 0.2140625
1 0.625 0.13125 0.04375 0.103125
0 0.64921875 0.203125 0.05546875 0.11875
1 0.5875 0.2875 0.08984375 0.11640625
1 0.8109375 0.36875 0.071875 0.159375
1 0.88359375 0.5875 0.078125 0.12734375
