0 0.37578125 0.26796875 0.06328125 0.125
1 0.84375 0.32109375 0.06640625 0.059375
1 0.88046875 0.38671875 0.05703125 0.10546875
1 0.4875 0.50546875 0.09453125 0.2296875
0 0.5796875 0.25546875 0.05703125 0.13671875
1 0.275 0.27890625 0.0640625 0.134375
1 0.703125 0.43671875 0.0796875 0.10390625
0 0.6265625 0.13984375 0.0453125 0.0890625
0 0.72578125 0.215625 0.04609375 0.0859375
1 0.75546875 0.27890625 0.04296875 0.11796875
1 0.46953125 0.2609375 0.0625 0.10859375
1 0.6484375 0.20703125 0.06796875 0.109375
0 0.446875 0.15078125 0.05390625 0.11484375
1 0.8890625 0.584375 0.0828125 0.11875
1 0.31796875 0.14921875 0.0390625 0.08984375
1 0.6171875 0.42109375 0.08046875 0.1515625
1 0.17734375 0.35078125 0.07421875 0.20390625
0 0.22109375 0.21796875 0.0671875 0.08828125
1 0.7015625 0.159375 0.04921875 0.09140625
1 0.81328125 0.371875 0.06328125 0.128125
1 0.94453125 0.5125 0.05625 0.15
