1 0.84296875 0.32109375 0.06796875 0.0609375
1 0.37578125 0.26796875 0.0640625 0.1265625
1 0.81171875 0.39375 0.0609375 0.12421875
1 0.88046875 0.38671875 0.05859375 0.10546875
1 0.7015625 0.428125 0.08046875 0.11875
1 0.48828125 0.50625 0.09375 0.228125
1 0.27421875 0.278125 0.06484375 0.1359375
1 0.64296875 0.20703125 0.06015625 0.1015625
1 0.62890625 0.13828125 0.04609375 0.08828125
1 0.46953125 0.2609375 0.0625 0.10625
1 0.69921875 0.1609375 0.04140625 0.06171875
1 0.75625 0.28203125 0.0421875 0.11875
1 0.44453125 0.1515625 0.05625 0.103125
1 0.61640625 0.41953125 0.07890625 0.153125
1 0.5828125 0.2546875 0.05625 0.13359375
1 0.946875 0.5125 0.05625 0.13515625
1 0.31796875 0.140625 0.03515625 0.09375
0 0.22578125 0.21640625 0.04921875 0.08671875
1 0.175 0.2953125 0.06328125 0.10546875
0 0.73203125 0.20859375 0.06015625 0.09140625
1 0.8859375 0.5828125 0.09296875 0.15546875
