1 0.7078125 0.440625 0.0890625 0.0859375
1 0.84296875 0.31953125 0.06796875 0.06171875
0 0.27578125 0.28203125 0.06953125 0.11875
0 0.5796875 0.265625 0.06328125 0.115625
1 0.6984375 0.15625 0.04296875 0.06796875
1 0.496875 0.51171875 0.0828125 0.23515625
1 0.88125 0.39609375 0.06015625 0.09296875
1 0.2171875 0.228125 0.05546875 0.06875
1 0.75625 0.29453125 0.04375 0.14921875
1 0.3171875 0.15625 0.0421875 0.0734375
1 0.37734375 0.26328125 0.06640625 0.1234375
1 0.6328125 0.20078125 0.0453125 0.1515625
1 0.4703125 0.26171875 0.0609375 0.10546875
1 0.9484375 0.528125 0.06328125 0.13359375
1 0.1828125 0.29453125 0.090625 0.09453125
1 0.446875 0.16015625 0.06015625 0.14453125
1 0.61875 0.4171875 0.08046875 0.153125
1 0.8125 0.39921875 0.08359375 0.16953125
1 0.88984375 0.58515625 0.096875 0.14296875
1 0.7234375 0.2125 0.05625 0.10546875
1 0.634375 0.14453125 0.059375 0.10390625
