1 0.8125 0.39375 0.0625 0.1203125
1 0.38203125 0.24453125 0.0625 0.13828125
1 0.7265625 0.22421875 0.0453125 0.06796875
1 0.88046875 0.3859375 0.05859375 0.103125
1 0.61875 0.4234375 0.0640625 0.1484375
1 0.5765625 0.27578125 0.059375 0.0984375
1 0.4453125 0.15703125 0.0546875 0.10703125
1 0.70625 0.43203125 0.08515625 0.11875
1 0.6484375 0.20546875 0.0515625 0.11484375
1 0.63125 0.140625 0.04921875 0.09140625
1 0.7 0.15859375 0.0421875 0.0640625
1 0.27421875 0.28046875 0.06640625 0.13515625
1 0.48671875 0.515625 0.08125 0.21796875
1 0.95078125 0.53125 0.0546875 0.134375
1 0.46953125 0.26171875 0.06171875 0.10546875
0 0.22109375 0.21953125 0.05625 0.08984375
1 0.178125 0.30234375 0.08046875 0.121875
1 0.31953125 0.146875 0.05625 0.128125
1 0.75859375 0.2671875 0.0640625 0.14609375
1 0.84765625 0.32109375 0.06015625 0.09140625
1 0.88828125 0.578125 0.08359375 0.1328125
