1 0.84375 0.3234375 0.06640625 0.05703125
0 0.2734375 0.28046875 0.06484375 0.13515625
1 0.73046875 0.21796875 0.05390625 0.08203125
0 0.48984375 0.48828125 0.0765625 0.19921875
1 0.88046875 0.39609375 0.05859375 0.09296875
1 0.6484375 0.2234375 0.05859375 0.09296875
1 0.31796875 0.15859375 0.03984375 0.09921875
1 0.58046875 0.29453125 0.0734375 0.09921875
0 0.37578125 0.25078125 0.0640625 0.14296875
1 0.6953125 0.15546875 0.03828125 0.06875
0 0.76171875 0.28125 0.05078125 0.1046875
1 0.4703125 0.25859375 0.06171875 0.10625
1 0.8890625 0.56875 0.08828125 0.1703125
1 0.6171875 0.41875 0.0734375 0.1515625
1 0.62578125 0.13046875 0.04609375 0.1015625
0 0.44609375 0.15390625 0.053125 0.11171875
1 0.70078125 0.4359375 0.08671875 0.103125
0 0.228125 0.203125 0.0640625 0.11484375
1 0.16953125 0.309375 0.078125 0.11484375
1 0.95078125 0.5125 0.078125 0.19140625
0 0.80546875 0.378125 0.090625 0.15
