0 0.8859375 0.56953125 0.0765625 0.17109375
1 0.88125 0.39453125 0.05703125 0.08984375
1 0.378125 0.25703125 0.0609375 0.14609375
0 0.471875 0.26640625 0.06796875 0.109375
1 0.8453125 0.3234375 0.0640625 0.05703125
1 0.6484375 0.22421875 0.0578125 0.08984375
1 0.6109375 0.40703125 0.07421875 0.140625
1 0.275 0.27578125 0.0671875 0.13203125
1 0.5796875 0.29609375 0.07265625 0.09609375
1 0.4453125 0.15703125 0.05546875 0.10546875
1 0.4875 0.5140625 0.08125 0.21875
0 0.7703125 0.28828125 0.06171875 0.09375
0 0.2296875 0.1984375 0.04609375 0.09609375
1 0.70078125 0.43671875 0.08828125 0.10546875
1 0.73046875 0.2109375 0.05546875 0.08828125
1 0.31875 0.14296875 0.03671875 0.096875
1 0.6265625 0.13203125 0.04453125 0.10390625
1 0.17890625 0.35390625 0.0671875 0.20859375
1 0.70390625 0.1640625 0.04765625 0.11875
0 0.8046875 0.38359375 0.08046875 0.134375
1 0.95625 0.51875 0.0578125 0.171875
