1 0.38203125 0.25078125 0.06328125 0.1296875
1 0.81171875 0.39453125 0.06015625 0.12109375
0 0.61640625 0.41640625 0.06796875 0.16875
0 0.7046875 0.42265625 0.08359375 0.1359375
1 0.88046875 0.3859375 0.06015625 0.10625
1 0.7265625 0.22421875 0.04609375 0.06796875
0 0.575 0.26640625 0.05546875 0.11484375
0 0.47109375 0.26640625 0.06953125 0.11484375
1 0.70078125 0.15703125 0.04296875 0.06328125
1 0.27421875 0.28046875 0.06640625 0.13671875
1 0.48671875 0.515625 0.08046875 0.215625
1 0.75546875 0.28671875 0.04296875 0.12578125
1 0.17890625 0.353125 0.06953125 0.20390625
1 0.31875 0.140625 0.03828125 0.09140625
0 0.6359375 0.14375 0.0625 0.09140625
1 0.221875 0.21640625 0.065625 0.07578125
1 0.44375 0.15078125 0.06484375 0.1203125
0 0.63125 0.19140625 0.059375 0.128125
1 0.846875 0.32265625 0.0640625 0.09453125
1 0.87421875 0.5828125 0.10234375 0.15703125
1 0.946875 0.52578125 0.08359375 0.15390625
