1 0.8125 0.39453125 0.0609375 0.1234375
0 0.6921875 0.41875 0.06328125 0.1390625
1 0.88046875 0.38671875 0.06171875 0.10703125
1 0.57578125 0.26484375 0.05703125 0.140625
0 0.44609375 0.15390625 0.05234375 0.11796875
1 0.27421875 0.27890625 0.06640625 0.13203125
1 0.7265625 0.2265625 0.0453125 0.06953125
1 0.490625 0.48671875 0.08828125 0.20390625
1 0.3765625 0.26796875 0.06484375 0.134375
0 0.47109375 0.26171875 0.06875 0.11640625
1 0.95 0.52578125 0.05078125 0.14296875
0 0.6953125 0.1609375 0.03984375 0.0640625
1 0.75703125 0.278125 0.04375 0.10625
1 0.31875 0.14140625 0.03671875 0.09453125
1 0.1765625 0.2953125 0.065625 0.109375
0 0.21875 0.20546875 0.06953125 0.11015625
1 0.62109375 0.40234375 0.08828125 0.14765625
0 0.62734375 0.2015625 0.0515625 0.11640625
1 0.63984375 0.1609375 0.05 0.1
1 0.85234375 0.328125 0.0578125 0.0921875
1 0.88984375 0.5890625 0.0921875 0.1359375
