0 0.37578125 0.2609375 0.06640625 0.1453125
1 0.88125 0.39609375 0.0578125 0.09296875
1 0.84765625 0.3234375 0.06015625 0.05703125
0 0.48984375 0.4890625 0.07734375 0.1984375
1 0.73125 0.2234375 0.05703125 0.09296875
1 0.64921875 0.2234375 0.05859375 0.09296875
0 0.2734375 0.27890625 0.06484375 0.12890625
0 0.2296875 0.1984375 0.04453125 0.09453125
1 0.31953125 0.14296875 0.03671875 0.096875
1 0.4453125 0.15625 0.0546875 0.10859375
0 0.76953125 0.28671875 0.0609375 0.09296875
1 0.4703125 0.26015625 0.06171875 0.10546875
1 0.615625 0.41640625 0.0765625 0.15390625
1 0.88671875 0.56953125 0.07578125 0.1640625
1 0.69453125 0.15703125 0.03203125 0.0546875
1 0.94765625 0.5265625 0.05703125 0.15625
1 0.5796875 0.29296875 0.07109375 0.103125
1 0.6265625 0.13046875 0.04609375 0.1015625
1 0.17578125 0.29375 0.07578125 0.10078125
1 0.70703125 0.4359375 0.0890625 0.1125
0 0.80625 0.38046875 0.0921875 0.13359375
