0 0.37578125 0.26640625 0.06328125 0.128125
1 0.8125 0.39375 0.06171875 0.1203125
1 0.88046875 0.38671875 0.05859375 0.10546875
0 0.69296875 0.41953125 0.06328125 0.13046875
1 0.48984375 0.4859375 0.08671875 0.203125
0 0.9421875 0.52265625 0.05546875 0.15625
0 0.6140625 0.41640625 0.0734375 0.15703125
1 0.27421875 0.27890625 0.06484375 0.134375
0 0.5734375 0.265625 0.0515625 0.13984375
1 0.7265625 0.21015625 0.04453125 0.09609375
1 0.4703125 0.2609375 0.06328125 0.1046875
0 0.63671875 0.14609375 0.03515625 0.0703125
0 0.63125 0.175 0.04140625 0.08046875
0 0.22578125 0.2140625 0.0484375 0.08515625
1 0.44609375 0.15 0.05234375 0.11328125
1 0.75625 0.28671875 0.04296875 0.13125
1 0.3171875 0.14140625 0.0359375 0.09296875
1 0.17734375 0.353125 0.07109375 0.2015625
0 0.696875 0.15859375 0.03984375 0.07109375
1 0.84375 0.31640625 0.06953125 0.0859375
1 0.88046875 0.584375 0.10390625 0.12734375
