1 0.2734375 0.28125 0.06640625 0.1359375
1 0.88046875 0.39609375 0.0578125 0.09296875
1 0.84296875 0.321875 0.06640625 0.0640625
0 0.88671875 0.56875 0.08046875 0.16328125
1 0.58046875 0.29453125 0.0734375 0.1
1 0.6171875 0.41796875 0.07265625 0.153125
1 0.73046875 0.221875 0.05546875 0.084375
1 0.6484375 0.22578125 0.0578125 0.0890625
1 0.4703125 0.25859375 0.06171875 0.10859375
0 0.4453125 0.15390625 0.05234375 0.11171875
0 0.7625 0.28359375 0.05 0.09921875
1 0.48984375 0.49375 0.07578125 0.190625
0 0.38046875 0.24296875 0.06328125 0.1359375
1 0.69375 0.153125 0.0375 0.06875
1 0.31796875 0.1484375 0.0390625 0.08125
1 0.70078125 0.4359375 0.08671875 0.103125
1 0.18046875 0.30078125 0.06171875 0.134375
0 0.225 0.196875 0.0640625 0.12421875
1 0.63125 0.13046875 0.05703125 0.11171875
0 0.95234375 0.50703125 0.0609375 0.1296875
0 0.81171875 0.39296875 0.0828125 0.1453125
