0 0.696875 0.415625 0.07109375 0.146875
1 0.8125 0.39375 0.05859375 0.121875
1 0.88046875 0.38671875 0.0609375 0.109375
0 0.6109375 0.41328125 0.06171875 0.153125
1 0.27421875 0.27890625 0.06640625 0.13203125
1 0.44609375 0.16484375 0.05234375 0.1390625
1 0.72734375 0.22578125 0.04609375 0.06640625
1 0.3765625 0.2671875 0.06328125 0.134375
1 0.75625 0.2765625 0.04296875 0.10625
1 0.22265625 0.21171875 0.05625 0.09453125
0 0.57734375 0.265625 0.05625 0.14375
1 0.95625 0.5265625 0.05390625 0.1265625
1 0.49140625 0.4859375 0.08828125 0.20859375
1 0.8890625 0.58671875 0.0859375 0.121875
1 0.31875 0.14140625 0.03671875 0.09453125
0 0.17890625 0.35078125 0.06875 0.2
1 0.63671875 0.1546875 0.04453125 0.08203125
0 0.62578125 0.1859375 0.06328125 0.1125
0 0.69765625 0.16328125 0.04375 0.09921875
1 0.8515625 0.3203125 0.06796875 0.09921875
0 0.47578125 0.25859375 0.0875 0.1640625
