1 0.8421875 0.32109375 0.06796875 0.0609375
1 0.70390625 0.43359375 0.08671875 0.09140625
0 0.27578125 0.28359375 0.06953125 0.1140625
1 0.7234375 0.21171875 0.04765625 0.0890625
0 0.57421875 0.2859375 0.0609375 0.125
1 0.49296875 0.5140625 0.08359375 0.23515625
1 0.61875 0.41953125 0.0765625 0.15625
1 0.6984375 0.15625 0.0421875 0.065625
1 0.88046875 0.3984375 0.06015625 0.09296875
1 0.63046875 0.19921875 0.0453125 0.11171875
1 0.75625 0.29609375 0.04375 0.1515625
0 0.37734375 0.27890625 0.08125 0.11796875
1 0.21640625 0.23046875 0.05546875 0.071875
1 0.47109375 0.26171875 0.065625 0.10546875
1 0.9453125 0.52109375 0.0578125 0.1296875
1 0.17578125 0.35390625 0.06953125 0.203125
1 0.3234375 0.175 0.06953125 0.1234375
1 0.45 0.1640625 0.0640625 0.11875
0 0.63125 0.1359375 0.0640625 0.11015625
1 0.81328125 0.39765625 0.06640625 0.1421875
1 0.88828125 0.578125 0.09453125 0.1421875
