0 0.37578125 0.26953125 0.0640625 0.125
1 0.84296875 0.32109375 0.06640625 0.0609375
1 0.8125 0.39453125 0.06015625 0.1234375
0 0.7015625 0.42109375 0.08203125 0.1296875
0 0.6125 0.4140625 0.0703125 0.1515625
1 0.88046875 0.38828125 0.06015625 0.10859375
0 0.5703125 0.2609375 0.053125 0.13046875
0 0.94296875 0.5234375 0.05546875 0.15546875
0 0.27421875 0.27890625 0.06640625 0.13203125
0 0.6265625 0.13671875 0.0453125 0.09296875
0 0.7265625 0.21328125 0.04765625 0.09375
0 0.4515625 0.15703125 0.05546875 0.1109375
1 0.49140625 0.48671875 0.08828125 0.20390625
1 0.31875 0.14375 0.03671875 0.0890625
0 0.75625 0.2890625 0.04296875 0.13671875
1 0.46953125 0.2609375 0.06171875 0.10625
1 0.17734375 0.35 0.07109375 0.2
0 0.221875 0.215625 0.06953125 0.0890625
0 0.640625 0.2125 0.071875 0.13203125
0 0.70234375 0.15859375 0.040625 0.0859375
1 0.88359375 0.5859375 0.09453125 0.13046875
