1 0.8125 0.39140625 0.0625 0.12421875
0 0.61484375 0.415625 0.07421875 0.15859375
0 0.37578125 0.26796875 0.06328125 0.125
0 0.7015625 0.42109375 0.08046875 0.1296875
0 0.27421875 0.27890625 0.06640625 0.13984375
1 0.575 0.25703125 0.05546875 0.13671875
1 0.48828125 0.50703125 0.09453125 0.23125
1 0.88046875 0.38828125 0.0609375 0.10859375
1 0.72578125 0.2140625 0.04609375 0.0796875
1 0.6375 0.20625 0.04921875 0.096875
1 0.6984375 0.16015625 0.04140625 0.06640625
1 0.31875 0.14140625 0.0375 0.090625
1 0.62734375 0.13828125 0.04453125 0.08984375
1 0.46953125 0.2609375 0.06171875 0.103125
1 0.94140625 0.51484375 0.0546875 0.13828125
1 0.75546875 0.28671875 0.04140625 0.13125
1 0.17734375 0.35078125 0.07109375 0.1984375
1 0.8875 0.58515625 0.08671875 0.11875
1 0.22109375 0.22265625 0.06796875 0.115625
1 0.4515625 0.15234375 0.08203125 0.1109375
1 0.84140625 0.3125 0.078125 0.07421875
