0 0.27421875 0.28046875 0.0671875 0.13359375
1 0.88125 0.396875 0.0609375 0.09375
1 0.446875 0.15703125 0.05390625 0.11328125
1 0.73125 0.21875 0.05546875 0.08125
1 0.4703125 0.25625 0.0625 0.1140625
1 0.48984375 0.490625 0.07578125 0.19375
1 0.64921875 0.22421875 0.05625 0.08828125
0 0.84296875 0.32109375 0.06796875 0.06328125
1 0.57890625 0.28671875 0.06875 0.09453125
1 0.8875 0.5609375 0.07578125 0.175
0 0.2296875 0.19921875 0.04453125 0.0953125
1 0.61796875 0.41953125 0.0703125 0.14921875
0 0.31484375 0.15390625 0.04296875 0.0765625
1 0.38125 0.2515625 0.075 0.134375
1 0.70078125 0.4359375 0.08671875 0.103125
0 0.76328125 0.28203125 0.05078125 0.09453125
1 0.1765625 0.34921875 0.07109375 0.20625
1 0.6921875 0.15390625 0.0390625 0.06796875
1 0.62734375 0.13203125 0.059375 0.1203125
0 0.809375 0.375 0.065625 0.14375
1 0.9484375 0.5125 0.059375 0.13125
