1 0.8125 0.39453125 0.0609375 0.1234375
0 0.38125 0.26171875 0.0640625 0.1015625
1 0.27421875 0.27890625 0.06796875 0.13828125
0 0.70390625 0.42265625 0.08203125 0.1359375
0 0.61640625 0.41875 0.0703125 0.16875
1 0.48671875 0.50625 0.08203125 0.2359375
1 0.88046875 0.3859375 0.0609375 0.10625
1 0.72734375 0.22578125 0.04609375 0.06640625
0 0.57265625 0.265625 0.05234375 0.1140625
0 0.471875 0.265625 0.06953125 0.1140625
0 0.6296875 0.1671875 0.04453125 0.075
0 0.75625 0.28671875 0.04375 0.12578125
0 0.7 0.15703125 0.04140625 0.06484375
1 0.95078125 0.528125 0.05390625 0.12578125
1 0.8875 0.58515625 0.0875 0.12109375
1 0.6359375 0.14296875 0.04140625 0.078125
1 0.1765625 0.35390625 0.0734375 0.20625
0 0.22578125 0.21796875 0.0765625 0.10703125
1 0.315625 0.1375 0.059375 0.10390625
0 0.44375 0.1421875 0.059375 0.1125
1 0.846875 0.31875 0.0703125 0.06640625
