1 0.84296875 0.31953125 0.06640625 0.06171875
1 0.8125 0.39453125 0.05859375 0.12109375
0 0.37578125 0.26640625 0.06328125 0.128125
0 0.7015625 0.42265625 0.08046875 0.1265625
1 0.88046875 0.38671875 0.05859375 0.10546875
0 0.61875 0.41640625 0.08046875 0.15703125
0 0.94296875 0.52265625 0.05546875 0.15625
1 0.48984375 0.48671875 0.08671875 0.20390625
1 0.27421875 0.27890625 0.06484375 0.134375
0 0.696875 0.16015625 0.04140625 0.06875
0 0.5703125 0.26640625 0.0515625 0.14453125
1 0.4703125 0.2609375 0.06328125 0.1046875
1 0.75625 0.28125 0.04375 0.1140625
0 0.6375 0.14609375 0.03359375 0.06875
0 0.6296875 0.19375 0.040625 0.121875
0 0.22578125 0.21328125 0.04765625 0.08203125
1 0.1796875 0.3 0.08125 0.109375
0 0.31796875 0.14921875 0.053125 0.1171875
0 0.446875 0.178125 0.06796875 0.1578125
1 0.88359375 0.59375 0.10078125 0.1640625
0 0.725 0.20625 0.059375 0.1109375
