0 0.61328125 0.4140625 0.07109375 0.15546875
1 0.37578125 0.2640625 0.06328125 0.128125
1 0.88046875 0.38671875 0.0578125 0.10546875
0 0.57734375 0.25390625 0.05703125 0.134375
0 0.49140625 0.49921875 0.0890625 0.21953125
1 0.81328125 0.3890625 0.06328125 0.13515625
0 0.63359375 0.14296875 0.04375 0.0875
0 0.6953125 0.41796875 0.0734375 0.14140625
1 0.2734375 0.27890625 0.06640625 0.134375
1 0.446875 0.15625 0.0546875 0.10625
1 0.69765625 0.15625 0.04140625 0.065625
1 0.225 0.20078125 0.04765625 0.0984375
1 0.3171875 0.15390625 0.04140625 0.0765625
1 0.94140625 0.5140625 0.05546875 0.14296875
1 0.75546875 0.28203125 0.04296875 0.12421875
1 0.4703125 0.26171875 0.0625 0.10390625
1 0.17734375 0.353125 0.06953125 0.2015625
1 0.64609375 0.18984375 0.06796875 0.115625
1 0.846875 0.31796875 0.0734375 0.0796875
1 0.88125 0.5828125 0.10078125 0.12421875
1 0.7234375 0.20078125 0.04140625 0.0890625
