1 0.38125 0.246875 0.06171875 0.1359375
1 0.83984375 0.31875 0.06328125 0.06328125
1 0.27578125 0.28671875 0.06796875 0.11640625
1 0.6109375 0.415625 0.07265625 0.15078125
1 0.8109375 0.37734375 0.06640625 0.15
1 0.22265625 0.215625 0.059375 0.0953125
1 0.70078125 0.1609375 0.04296875 0.06171875
0 0.6453125 0.2015625 0.05390625 0.11953125
1 0.58046875 0.29296875 0.07265625 0.1140625
1 0.4453125 0.15703125 0.05625 0.10703125
1 0.31796875 0.14375 0.03828125 0.0984375
1 0.8875 0.58515625 0.08828125 0.11640625
1 0.4875 0.515625 0.08046875 0.215625
1 0.75625 0.28359375 0.04453125 0.125
1 0.7015625 0.4359375 0.08984375 0.10859375
1 0.728125 0.21640625 0.04765625 0.08359375
0 0.47265625 0.26171875 0.06640625 0.10546875
1 0.17421875 0.30078125 0.07890625 0.12890625
1 0.6265625 0.1359375 0.04921875 0.128125
1 0.88359375 0.36875 0.06796875 0.1703125
1 0.95078125 0.52734375 0.06796875 0.190625
