1 0.88125 0.39453125 0.05703125 0.08984375
1 0.38125 0.24453125 0.0625 0.13828125
1 0.8453125 0.3234375 0.06171875 0.059375
1 0.6125 0.41640625 0.0734375 0.15546875
1 0.27578125 0.28359375 0.06484375 0.11171875
1 0.225 0.20078125 0.05546875 0.109375
1 0.73046875 0.215625 0.05546875 0.084375
1 0.58125 0.2890625 0.07265625 0.1109375
1 0.70078125 0.15859375 0.0421875 0.06171875
1 0.8859375 0.57890625 0.08671875 0.134375
1 0.4453125 0.15703125 0.0546875 0.10703125
1 0.95 0.528125 0.05078125 0.1515625
1 0.17890625 0.35390625 0.06796875 0.2046875
1 0.64921875 0.20546875 0.05859375 0.1296875
0 0.47265625 0.26171875 0.06640625 0.10390625
1 0.4875 0.515625 0.08046875 0.21953125
1 0.31796875 0.1421875 0.0375 0.0953125
0 0.765625 0.290625 0.05703125 0.11796875
1 0.7 0.43828125 0.0828125 0.10390625
1 0.62578125 0.13125 0.04921875 0.12265625
0 0.8109375 0.38046875 0.06171875 0.1359375
