1 0.88046875 0.39453125 0.05703125 0.08984375
0 0.38203125 0.246875 0.06171875 0.1359375
1 0.88515625 0.5625 0.08359375 0.1453125
1 0.6484375 0.22421875 0.0578125 0.08984375
1 0.5796875 0.29609375 0.07265625 0.0984375
1 0.84453125 0.3234375 0.06484375 0.05703125
1 0.70078125 0.15703125 0.04140625 0.0609375
1 0.6109375 0.4109375 0.07734375 0.1453125
1 0.27578125 0.28359375 0.06484375 0.11171875
0 0.2296875 0.1984375 0.0453125 0.10390625
1 0.4453125 0.15703125 0.05546875 0.10546875
1 0.73046875 0.21953125 0.05703125 0.09140625
1 0.31796875 0.1421875 0.0375 0.0953125
0 0.4734375 0.2640625 0.06875 0.1109375
1 0.76953125 0.29296875 0.0625 0.09375
1 0.4875 0.515625 0.08125 0.21796875
1 0.7 0.4359375 0.08671875 0.10625
0 0.81015625 0.390625 0.0734375 0.1234375
1 0.17890625 0.35078125 0.06796875 0.1984375
1 0.95 0.528125 0.05546875 0.1484375
1 0.62578125 0.12109375 0.05703125 0.09375
