1 0.88125 0.39453125 0.05859375 0.09140625
0 0.3734375 0.26875 0.0640625 0.128125
1 0.64921875 0.2234375 0.0578125 0.09296875
0 0.23046875 0.1984375 0.04453125 0.0984375
1 0.846875 0.3234375 0.06015625 0.05703125
1 0.46953125 0.2609375 0.06015625 0.10625
1 0.58046875 0.2890625 0.07421875 0.109375
1 0.2734375 0.28046875 0.06640625 0.1390625
1 0.61640625 0.41640625 0.07421875 0.15390625
0 0.77109375 0.290625 0.0640625 0.08203125
1 0.73046875 0.22109375 0.0546875 0.090625
1 0.4875 0.5140625 0.08046875 0.221875
1 0.44453125 0.15625 0.05546875 0.10625
1 0.70234375 0.43671875 0.08828125 0.10546875
1 0.31875 0.1421875 0.0375 0.09375
1 0.8859375 0.57265625 0.07734375 0.16953125
1 0.7 0.15703125 0.03671875 0.05546875
1 0.6265625 0.12890625 0.0453125 0.09921875
1 0.1796875 0.35390625 0.0671875 0.21015625
0 0.80625 0.378125 0.08046875 0.12265625
1 0.9484375 0.5140625 0.053125 0.134375
