0 0.37578125 0.26875 0.06484375 0.1203125
1 0.70625 0.44140625 0.08828125 0.08671875
1 0.84296875 0.32109375 0.06484375 0.0609375
0 0.5796875 0.253125 0.05703125 0.1390625
1 0.88046875 0.390625 0.05859375 0.11796875
1 0.49296875 0.51015625 0.08359375 0.23671875
0 0.2765625 0.27890625 0.06484375 0.13828125
0 0.6375 0.2015625 0.05 0.1234375
1 0.69765625 0.15859375 0.04140625 0.065625
0 0.6125 0.41640625 0.06953125 0.1515625
1 0.446875 0.15546875 0.05546875 0.10703125
1 0.22109375 0.20859375 0.05859375 0.09921875
1 0.9421875 0.51875 0.0578125 0.140625
1 0.17890625 0.353125 0.0703125 0.2015625
1 0.46953125 0.26328125 0.06328125 0.1046875
0 0.6296875 0.13515625 0.0421875 0.0796875
1 0.725 0.22109375 0.0453125 0.11640625
1 0.32109375 0.1734375 0.06328125 0.1390625
1 0.76328125 0.2609375 0.053125 0.11875
1 0.8140625 0.390625 0.06328125 0.1375
1 0.89140625 0.58203125 0.0953125 0.16875
