1 0.81171875 0.39375 0.05859375 0.12421875
0 0.47265625 0.265625 0.06953125 0.11171875
1 0.88046875 0.38671875 0.0609375 0.109375
1 0.61796875 0.415625 0.08046875 0.1546875
1 0.7046875 0.41875 0.0796875 0.13671875
1 0.57734375 0.26875 0.05703125 0.1296875
1 0.72734375 0.22578125 0.046875 0.06640625
1 0.3765625 0.26171875 0.06328125 0.128125
1 0.48984375 0.4859375 0.08671875 0.21015625
1 0.75625 0.278125 0.04296875 0.10703125
1 0.2734375 0.27890625 0.06640625 0.13203125
0 0.4453125 0.15546875 0.053125 0.121875
1 0.9515625 0.525 0.05390625 0.1265625
1 0.31875 0.14140625 0.0375 0.09453125
1 0.8875 0.58671875 0.0875 0.121875
0 0.6296875 0.18671875 0.04453125 0.12421875
1 0.22109375 0.21640625 0.05703125 0.09609375
0 0.6984375 0.15703125 0.04140625 0.06640625
1 0.18203125 0.328125 0.0828125 0.1484375
1 0.6421875 0.15703125 0.04921875 0.08671875
1 0.8390625 0.31796875 0.0796875 0.09453125
