1 0.7078125 0.4390625 0.0890625 0.08671875
1 0.84375 0.32265625 0.0671875 0.06015625
0 0.27578125 0.28203125 0.0703125 0.1203125
1 0.69921875 0.15546875 0.04296875 0.06875
0 0.57890625 0.25390625 0.05625 0.13828125
0 0.4953125 0.5109375 0.08359375 0.23828125
1 0.88125 0.39609375 0.0578125 0.09296875
1 0.3734375 0.26328125 0.071875 0.125
1 0.7234375 0.20859375 0.046875 0.0859375
1 0.2171875 0.228125 0.05546875 0.06875
1 0.3171875 0.15546875 0.0421875 0.071875
1 0.63125 0.19609375 0.04453125 0.12578125
1 0.46953125 0.26171875 0.0640625 0.10546875
1 0.615625 0.421875 0.078125 0.1546875
1 0.44765625 0.15703125 0.05390625 0.109375
1 0.75625 0.29296875 0.04296875 0.146875
1 0.1734375 0.2921875 0.06484375 0.103125
1 0.628125 0.13046875 0.05625 0.11171875
1 0.81328125 0.38203125 0.07734375 0.115625
1 0.94609375 0.5109375 0.0734375 0.1375
1 0.8921875 0.590625 0.08359375 0.13515625
