1 0.38125 0.246875 0.06171875 0.1359375
1 0.88046875 0.390625 0.05625 0.09921875
1 0.8484375 0.32265625 0.05703125 0.05625
1 0.6140625 0.41640625 0.07265625 0.15546875
1 0.27421875 0.2859375 0.06875 0.1140625
1 0.728125 0.21328125 0.05078125 0.08203125
1 0.4453125 0.15703125 0.05546875 0.10703125
1 0.62421875 0.12890625 0.04375 0.09921875
1 0.47265625 0.26171875 0.065625 0.10546875
1 0.70078125 0.16015625 0.04296875 0.06328125
0 0.76015625 0.2890625 0.046875 0.1390625
1 0.22265625 0.21328125 0.05859375 0.10078125
1 0.58046875 0.28828125 0.07265625 0.10859375
1 0.31796875 0.14375 0.0375 0.0984375
1 0.48671875 0.5140625 0.0796875 0.221875
1 0.95 0.528125 0.05390625 0.1515625
1 0.70078125 0.4359375 0.08828125 0.10625
1 0.18046875 0.28828125 0.071875 0.11796875
1 0.64609375 0.196875 0.06015625 0.10234375
0 0.81484375 0.375 0.071875 0.13828125
1 0.87734375 0.56953125 0.0984375 0.13828125
