0 0.27265625 0.28125 0.06640625 0.13203125
1 0.64921875 0.2234375 0.05859375 0.09296875
1 0.88046875 0.396875 0.0578125 0.09375
0 0.37578125 0.265625 0.06328125 0.14140625
1 0.4703125 0.2609375 0.06171875 0.10625
1 0.31875 0.13984375 0.03828125 0.090625
1 0.85078125 0.3234375 0.05390625 0.05703125
1 0.73046875 0.22578125 0.05546875 0.0984375
1 0.48671875 0.51328125 0.08046875 0.2234375
1 0.61640625 0.41640625 0.07421875 0.15390625
1 0.88359375 0.56796875 0.0765625 0.1734375
1 0.58046875 0.29296875 0.07421875 0.103125
1 0.44453125 0.15625 0.05546875 0.10859375
1 0.94765625 0.52265625 0.05546875 0.14375
0 0.771875 0.290625 0.0640625 0.084375
1 0.696875 0.15625 0.03671875 0.0546875
0 0.221875 0.19375 0.0734375 0.09609375
1 0.175 0.30859375 0.08515625 0.121875
1 0.62265625 0.1265625 0.05 0.1375
0 0.80390625 0.37421875 0.071875 0.1234375
1 0.7015625 0.4296875 0.09140625 0.11484375
