1 0.8125 0.3890625 0.0625 0.12578125
1 0.38203125 0.24453125 0.06171875 0.13828125
0 0.8828125 0.578125 0.07890625 0.13359375
1 0.88046875 0.3859375 0.05859375 0.103125
1 0.575 0.26953125 0.05703125 0.1203125
0 0.7265625 0.21953125 0.04765625 0.075
1 0.4453125 0.15703125 0.05546875 0.10546875
0 0.6203125 0.43359375 0.07421875 0.134375
1 0.1765625 0.3515625 0.07109375 0.21796875
1 0.7046875 0.41796875 0.08515625 0.11875
0 0.6296875 0.14453125 0.0484375 0.1046875
1 0.2734375 0.28203125 0.06484375 0.140625
1 0.70234375 0.15859375 0.04296875 0.06171875
1 0.95 0.53203125 0.06015625 0.13359375
0 0.65 0.20546875 0.05234375 0.11484375
1 0.48671875 0.515625 0.08046875 0.215625
1 0.31875 0.14296875 0.0375 0.096875
1 0.46953125 0.26328125 0.0625 0.1046875
1 0.2234375 0.23125 0.0609375 0.115625
1 0.846875 0.32578125 0.071875 0.09140625
1 0.76171875 0.28203125 0.04453125 0.11640625
