0 0.88671875 0.5703125 0.07890625 0.16875
1 0.88125 0.39453125 0.0578125 0.08984375
1 0.6484375 0.2234375 0.0578125 0.090625
1 0.2734375 0.27890625 0.06484375 0.1453125
1 0.4703125 0.25859375 0.06328125 0.10859375
1 0.846875 0.3234375 0.06015625 0.05703125
1 0.58046875 0.29453125 0.07265625 0.09921875
1 0.61328125 0.4140625 0.075 0.1515625
1 0.4453125 0.15703125 0.0546875 0.10546875
0 0.2296875 0.19921875 0.04453125 0.10078125
1 0.70234375 0.4359375 0.08828125 0.10625
1 0.37578125 0.26328125 0.06328125 0.13203125
1 0.31875 0.14453125 0.0375 0.096875
0 0.77109375 0.29140625 0.06484375 0.08515625
1 0.4875 0.5140625 0.08125 0.2203125
1 0.7296875 0.209375 0.05234375 0.0890625
1 0.1796875 0.35546875 0.06796875 0.2109375
1 0.8125 0.37109375 0.078125 0.11796875
1 0.95 0.50234375 0.05390625 0.1390625
1 0.6265625 0.13203125 0.0546875 0.1203125
1 0.70625 0.14921875 0.059375 0.08046875
