1 0.84296875 0.32109375 0.0671875 0.0609375
1 0.6125 0.41640625 0.07734375 0.1484375
0 0.27421875 0.2859375 0.06953125 0.12109375
1 0.81328125 0.39140625 0.06015625 0.11875
1 0.72578125 0.2234375 0.0484375 0.09296875
0 0.57734375 0.275 0.06015625 0.1
1 0.88046875 0.39375 0.0609375 0.10546875
1 0.64140625 0.19296875 0.05078125 0.115625
1 0.946875 0.52421875 0.05390625 0.15078125
1 0.70078125 0.1609375 0.04453125 0.06796875
1 0.49296875 0.51796875 0.08671875 0.2359375
1 0.21640625 0.22890625 0.05546875 0.06953125
1 0.88828125 0.58828125 0.08671875 0.1140625
1 0.70390625 0.42578125 0.08125 0.11328125
1 0.75625 0.2734375 0.04375 0.1015625
1 0.46953125 0.2609375 0.06171875 0.10625
0 0.45 0.16015625 0.05703125 0.11015625
1 0.3765625 0.28203125 0.08203125 0.10546875
1 0.175 0.35078125 0.07265625 0.19609375
1 0.315625 0.1625 0.0578125 0.103125
1 0.6390625 0.15625 0.0640625 0.08671875
