1 0.84375 0.3234375 0.06640625 0.059375
1 0.7078125 0.43984375 0.08828125 0.0890625
0 0.5796875 0.253125 0.0578125 0.13671875
0 0.27578125 0.28359375 0.06953125 0.12109375
1 0.49375 0.5109375 0.08203125 0.2359375
1 0.69765625 0.15625 0.04140625 0.06796875
1 0.2171875 0.22265625 0.0546875 0.084375
1 0.88046875 0.39609375 0.0609375 0.09296875
1 0.3734375 0.26171875 0.07109375 0.128125
1 0.446875 0.15625 0.05625 0.1046875
1 0.63203125 0.19609375 0.04453125 0.12421875
1 0.46953125 0.26328125 0.06328125 0.1046875
1 0.61640625 0.41875 0.07734375 0.1609375
1 0.3171875 0.15546875 0.0421875 0.071875
1 0.94296875 0.51875 0.05546875 0.14296875
1 0.75625 0.28203125 0.0421875 0.12578125
1 0.17890625 0.29453125 0.07109375 0.1078125
1 0.6328125 0.1421875 0.05546875 0.10390625
1 0.7234375 0.2 0.05 0.08984375
1 0.81484375 0.3828125 0.06796875 0.140625
1 0.88515625 0.575 0.08828125 0.146875
