1 0.70390625 0.43515625 0.08671875 0.090625
1 0.8421875 0.32109375 0.0671875 0.0609375
1 0.88125 0.39296875 0.05859375 0.103125
0 0.5734375 0.28671875 0.06015625 0.12421875
0 0.49296875 0.51328125 0.08515625 0.23203125
1 0.69921875 0.15703125 0.0421875 0.06875
1 0.6171875 0.41953125 0.07421875 0.15625
1 0.7234375 0.21015625 0.046875 0.0890625
0 0.37578125 0.28046875 0.08359375 0.11484375
1 0.21640625 0.23203125 0.05546875 0.07578125
1 0.27421875 0.2859375 0.06953125 0.11796875
1 0.63046875 0.1984375 0.0453125 0.11328125
1 0.75625 0.29921875 0.04375 0.15625
0 0.628125 0.13515625 0.04765625 0.08515625
1 0.3203125 0.1546875 0.05 0.11875
0 0.4484375 0.1625 0.06640625 0.103125
1 0.18203125 0.31171875 0.07734375 0.12265625
1 0.80234375 0.3859375 0.08359375 0.11953125
1 0.88515625 0.5765625 0.078125 0.13359375
1 0.94296875 0.5203125 0.08125 0.165625
0 0.47734375 0.2734375 0.075 0.13046875
