1 0.7265625 0.22421875 0.0453125 0.06953125
1 0.84296875 0.32109375 0.0671875 0.059375
1 0.81171875 0.39453125 0.06171875 0.1234375
0 0.69375 0.42265625 0.06328125 0.13203125
1 0.88046875 0.38671875 0.06171875 0.10703125
1 0.57578125 0.26640625 0.05703125 0.1390625
1 0.47109375 0.25859375 0.065625 0.103125
0 0.3765625 0.26796875 0.06328125 0.13203125
0 0.44140625 0.1921875 0.0609375 0.19375
1 0.94453125 0.51796875 0.05078125 0.146875
1 0.490625 0.48671875 0.08828125 0.20390625
0 0.275 0.27890625 0.06484375 0.13046875
0 0.69609375 0.16015625 0.03984375 0.06484375
1 0.75625 0.27578125 0.04296875 0.109375
0 0.61953125 0.41640625 0.08203125 0.15546875
1 0.6359375 0.15078125 0.03984375 0.0609375
0 0.31953125 0.140625 0.03671875 0.09375
1 0.221875 0.21484375 0.0609375 0.11875
1 0.17578125 0.328125 0.07890625 0.1703125
0 0.628125 0.18359375 0.059375 0.121875
1 0.88515625 0.58359375 0.09375 0.1625
