0 0.61171875 0.41328125 0.06796875 0.1546875
1 0.81171875 0.3890625 0.0625 0.12578125
0 0.37578125 0.2640625 0.06328125 0.128125
1 0.88125 0.3859375 0.06328125 0.11171875
1 0.69765625 0.43203125 0.08046875 0.14375
0 0.578125 0.25390625 0.05703125 0.1359375
1 0.4921875 0.5015625 0.08828125 0.225
0 0.2734375 0.27890625 0.06640625 0.134375
1 0.446875 0.15625 0.0546875 0.10625
1 0.63828125 0.14765625 0.0546875 0.10234375
1 0.69765625 0.15546875 0.03984375 0.06875
1 0.46953125 0.26171875 0.06328125 0.10546875
1 0.3171875 0.15390625 0.0421875 0.07109375
1 0.94375 0.51953125 0.05546875 0.1453125
1 0.221875 0.2109375 0.05234375 0.103125
1 0.18203125 0.3 0.0671875 0.1328125
1 0.63984375 0.1890625 0.0578125 0.10546875
1 0.72578125 0.19765625 0.0578125 0.09453125
1 0.75546875 0.27265625 0.046875 0.11171875
1 0.84140625 0.3140625 0.06796875 0.08671875
1 0.8828125 0.578125 0.08125 0.1515625
