1 0.95234375 0.5203125 0.0640625 0.15
1 0.88984375 0.56953125 0.08125 0.13828125
1 0.8890625 0.38671875 0.05625 0.1484375
0 0.8375 0.3 0.053125 0.10859375
0 0.803125 0.36953125 0.0640625 0.1265625
1 0.75625 0.271875 0.05625 0.125
0 0.7296875 0.2171875 0.059375 0.1140625
1 0.7078125 0.43125 0.075 0.10234375
0 0.696875 0.14921875 0.0453125 0.09921875
1 0.6171875 0.43359375 0.10625 0.14765625
0 0.6328125 0.14765625 0.05859375 0.1046875
0 0.63203125 0.2046875 0.07109375 0.1296875
1 0.58203125 0.28203125 0.09140625 0.11953125
1 0.484375 0.5296875 0.11171875 0.21484375
1 0.06953125 0.5296875 0.09296875 0.17421875
1 0.475 0.28359375 0.08046875 0.12578125
1 0.453125 0.1578125 0.07265625 0.1375
0 0.36015625 0.38203125 0.0703125 0.1828125
1 0.375 0.2625 0.07578125 0.12109375
1 0.315625 0.1453125 0.06328125 0.15
0 0.20859375 0.2046875 0.0734375 0.1171875
1 0.27109375 0.28125 0.09140625 0.14375
1 0.17265625 0.31484375 0.08515625 0.15625
